simulations/projFolders/pop250/sim2/UDs_popWinter/averageUD_winter.asc
NCOLS 108
NROWS 175
XLLCORNER -968446.38058721
YLLCORNER 1735200.56924702
CELLSIZE 500
NODATA_VALUE -9999
[rows 48 to 71 of 175, columns 54 to 107 of 108]
0 0 0 0 2.04761163283228e-07 1.60298356748527e-06 7.73723609562841e-06 3.41258831241628e-05 9.4323478751463e-05 0.000109743862619792 0.000112389763790658 8.92534106759123e-05 7.94879859125713e-05 2.02287845265793e-05 2.18103043101461e-06 8.76642807063441e-08 0 0 0 0 0 0 0 5.07724835068264e-08 5.66166490764806e-08 0 0 0 0 0 0 0 0 0 0 0 0 0 0 0 0 0 0 0 0 0 0 0 0 0 0 0 0 0
0 0 0 0 0 9.04864209374064e-08 1.15096324561931e-06 1.08272191111514e-05 4.66066018451803e-05 7.61207798316182e-05 9.04920007819879e-05 0.000128591485291164 0.00012888913226065 4.68185776734091e-05 5.67465147335225e-06 2.78121951785403e-07 2.04055570017802e-07 3.12818272431105e-07 1.42340359128004e-07 1.56753914742977e-07 5.84829714942492e-07 9.70810767965306e-07 9.45572391860473e-07 1.32901698785192e-06 1.42331852078364e-06 6.26685388703962e-07 8.28581760092604e-08 0 0 0 0 0 0 0 0 0 0 0 0 0 0 0 0 0 0 0 0 0 0 0 0 0 0 0
7.63863208523363e-07 4.98780063817803e-08 0 0 0 0 1.92180479598496e-07 3.02282679987489e-06 1.65737108288321e-05 4.87412214164106e-05 0.000100495861819503 0.000144029984216662 0.000115400198819812 4.41326722398519e-05 5.06454368468019e-06 7.71237115077208e-07 2.7547345955872e-06 4.52060824939196e-06 2.29206251915915e-06 2.82709891259052e-06 8.91700666187296e-06 1.38542391327099e-05 1.04191796829541e-05 1.221065316061e-05 1.22653832630169e-05 5.66555699199795e-06 6.44881801993147e-07 0 0 0 0 0 0 0 0 0 0 0 0 0 0 0 0 0 0 0 0 0 0 0 0 0 0 0
5.26295881594149e-06 3.81419842507051e-07 0 0 0 0 3.33009433155493e-07 5.23901881992068e-06 3.30838267613329e-05 0.000105289276664434 0.000173693894600468 0.000180695855947393 6.62321678672086e-05 1.29289547882254e-05 1.4672186367708e-06 3.18145078851938e-06 1.71705860953288e-05 2.15137441358962e-05 1.65915861686638e-05 2.20378715260081e-05 5.3734022245455e-05 7.18283057043256e-05 4.29772324758635e-05 2.53280959963608e-05 2.75276303226333e-05 1.33290355993632e-05 1.3920204943485e-06 5.24676179214846e-08 0 0 0 0 0 0 0 0 0 0 0 0 0 0 0 0 0 0 0 0 0 0 0 0 0 0
1.30829196392406e-05 9.19050362209817e-07 0 5.47454401255795e-08 2.01790942762837e-07 4.68057754804708e-07 1.98459414194517e-06 1.95342683681969e-05 9.35277416280975e-05 0.000196954565541888 0.000166234952125569 0.000117232023012156 5.40784929453026e-05 1.36151129013032e-05 2.80928204235423e-06 7.49917299076825e-06 4.50756912944594e-05 6.38121180085691e-05 8.52625034548219e-05 8.03342615064569e-05 0.000117606126326311 7.96201675942327e-05 3.29053662639659e-05 1.75846479791612e-05 2.61537469861752e-05 9.599816983162e-06 1.03772617852031e-06 3.81371537424462e-08 0 0 0 0 0 0 0 0 0 0 0 0 0 0 0 0 0 0 0 0 0 0 0 0 0 0
8.32466315281557e-06 6.04080560008875e-07 0 9.01484046849872e-07 4.47835640701445e-06 8.79368783873123e-06 2.02818771892774e-05 4.97498111681909e-05 0.000115457238718618 0.000180033200974565 0.000106398722277283 7.78332670122804e-05 7.07802292141671e-05 4.99366124741189e-05 1.71200693544561e-05 1.76474550930099e-05 6.82933600458208e-05 0.000133857529578794 0.000126729160517338 0.000107282781948154 0.000130669782955084 7.23347812720238e-05 1.76109261769203e-05 1.94122903003163e-05 2.51812729925074e-05 8.65421630237833e-06 9.16495453349946e-07 3.15756078560333e-08 0 0 0 0 0 0 0 0 0 0 0 0 0 0 0 0 0 0 0 0 0 0 0 0 0 0
4.4561219827695e-06 3.71703208569229e-07 0 4.37055100234422e-06 3.54907544013145e-05 5.81127104677902e-05 0.000121918760211295 0.000171303033788294 0.000167035262992287 0.000115879518301809 8.31237174665359e-05 9.63729938730322e-05 0.00012909228869693 0.000120765062020521 5.82888182115037e-05 3.41208424862481e-05 4.93979097693023e-05 7.34882829537349e-05 4.46188300742671e-05 5.7021441855976e-05 0.000116474021227774 5.49991614986754e-05 1.24155525088802e-05 1.94297917141344e-05 3.07595338599782e-05 1.43520897220465e-05 1.33246660666748e-06 4.67544305027912e-08 0 0 0 0 0 0 0 0 0 0 0 0 0 0 0 0 0 0 0 0 0 0 0 0 0 0
1.84805970595361e-05 2.26770306418199e-06 1.10324690441632e-07 7.9468498860817e-06 6.42983247592473e-05 0.000190185477257394 0.00030911368185458 0.00032342251849336 0.000198761789055795 8.20979532533688e-05 4.49929528297807e-05 9.228683589758e-05 0.000155430525912065 0.000179824985521302 8.63821692560827e-05 1.96109190536931e-05 1.00183178559742e-05 1.01547221978436e-05 7.58904870420345e-06 2.60332940317698e-05 6.22118179452186e-05 2.68174055900444e-05 7.37970229064051e-06 2.34471671227891e-05 2.59611625163062e-05 8.05975030917389e-06 8.391601147943e-07 3.0148450598221e-08 0 0 0 0 0 0 0 0 0 0 0 0 0 0 0 0 0 0 0 0 0 0 0 0 0 0
6.6441590256321e-05 1.04186817018632e-05 2.06600724728898e-06 1.238887282378e-05 8.60185256548646e-05 0.000226599348822838 0.000371828637409165 0.000328777977362422 0.000177130177342425 5.40115393541601e-05 1.49952504617501e-05 4.43907781777646e-05 0.000144913528924357 0.000133644681392352 4.42297132581362e-05 5.97015570242575e-06 9.09329450008919e-07 5.62910285092478e-07 1.03369505062044e-06 6.92217806518164e-06 1.6319474201522e-05 5.68040553346283e-06 2.68858857389397e-06 1.25993490189372e-05 2.29061506634518e-05 7.56232999086662e-06 6.88728759833997e-07 0 0 0 0 0 0 0 0 0 0 0 0 0 0 0 0 0 0 0 0 0 0 0 0 0 0 0
0.000141998798101796 3.19729822001142e-05 1.77810833078042e-05 2.9092671924853e-05 0.000135557026803156 0.000187797525154795 0.000247685425710831 0.000252093285262675 0.000129150639257637 5.94483758182548e-05 1.58434992153047e-05 2.01808026638551e-05 5.80304504700842e-05 6.16824346216061e-05 1.4415464535212e-05 1.37298465382956e-06 6.595046578048e-08 0 9.20220627232206e-08 6.6746829527505e-07 1.2816004452064e-06 1.27403752382569e-06 3.41770937585611e-06 9.75101906576027e-06 2.36922707352734e-05 8.48276447304497e-06 7.93130718915676e-07 0 0 0 0 0 0 0 0 0 0 0 0 0 0 0 0 0 0 0 0 0 0 0 0 0 0 0
0.000181382127430805 6.97609765465057e-05 6.22932866534305e-05 8.74585038775859e-05 0.000161362429868054 0.000260269938441016 0.000358897399945672 0.000358231167457245 0.000238123407793127 0.000118136338687086 5.64770264912477e-05 2.5427899281021e-05 5.25070818206318e-05 5.41046890920878e-05 7.21304584124271e-06 4.49041981376868e-07 0 0 0 5.91036077682095e-08 6.01553416203253e-07 5.26167172814367e-06 2.13728472539989e-05 2.73513551736872e-05 2.53583844691253e-05 6.06109388029536e-06 5.10181416636961e-07 0 0 0 0 0 0 0 0 0 0 0 0 0 0 0 0 0 0 0 0 0 0 0 0 0 0 0
0.000185873220405258 0.000129985341687879 0.000128447424910208 0.000139986817480952 0.000199823735074579 0.000268678079354011 0.000324613712651388 0.000337537446488917 0.000267209012318417 0.000176703125174874 0.000127673446476237 5.91014725584126e-05 7.00436594614243e-05 4.65697534272401e-05 7.79556250015637e-06 4.06830076730691e-07 0 0 0 4.25309961328458e-07 3.20972711703402e-06 1.53179103472429e-05 4.27067465979366e-05 4.9059722560983e-05 2.08849627475309e-05 3.43150296167484e-06 2.21755384648021e-07 0 0 0 0 0 2.20255969855159e-07 3.63393424691524e-07 1.76257642992139e-07 0 0 0 0 0 0 0 0 0 0 0 0 0 0 0 0 0 0 0
0.000189688310215171 0.000149930565698998 0.000137156096269244 0.000151687675178096 0.000127101194227187 0.000178924421948573 0.000216668742977853 0.000206542769631039 0.000233420157138799 0.000202707089435883 0.000160634029655106 6.8552366892805e-05 3.21816586289483e-05 1.72360994725077e-05 3.4954345311168e-06 1.93274216098717e-07 0 0 1.24665340961328e-07 2.1072835656496e-06 1.35341128302452e-05 3.50782126105465e-05 3.17131355329985e-05 2.35304702017785e-05 9.20369755259431e-06 1.43460161018776e-06 1.9123130182412e-07 0 0 0 0 5.75290527058923e-07 3.13157145791331e-06 5.86603768031394e-06 2.45914421917557e-06 3.48673231118931e-07 0 0 0 0 0 0 0 0 0 0 0 0 0 0 0 0 0 0
0.000262696837777012 0.000230294826153314 0.000199261979180189 0.000206506431024897 0.000198605676796839 0.00029647445597497 0.00022716661726466 0.000129929969987892 0.000167260885984964 0.000182292882135408 0.000154460002660841 5.81816856146339e-05 1.95644055446988e-05 5.50060451366534e-06 8.44806461628387e-07 2.59261159892687e-08 0 0 2.53664213172811e-07 4.2497147795956e-06 2.38930191788295e-05 2.08200104485474e-05 1.10566997874502e-05 5.00199943662811e-06 2.99416738491599e-06 4.49802307305839e-06 2.29298369904864e-06 2.75560276284952e-07 0 0 1.84825694261257e-07 2.84482142820849e-06 1.58056728504537e-05 2.9649777330909e-05 1.18405204238357e-05 1.66811200285065e-06 8.89444636203846e-08 0 0 0 0 0 0 0 0 0 0 0 0 0 0 0 0 0
0.000393820306316934 0.000353846888250837 0.000266568659585397 0.000240476392618419 0.00023797059121919 0.000378239659386799 0.000264328578395532 0.000121625172818703 0.000132017824767655 0.000161728270320982 0.000202486000779972 0.000102642127885116 6.16413378884313e-05 2.36599953767459e-05 3.5387265953263e-06 1.87427707670712e-07 0 0 2.08107943713895e-07 3.23804258292465e-06 1.83066520796711e-05 2.67355460610453e-05 1.07506727774393e-05 2.88655492408973e-06 1.12139955136528e-05 3.01502142030347e-05 1.29476720436643e-05 1.31571618809037e-06 4.99181442019495e-08 7.14989728125517e-08 8.59332969209335e-07 6.16895267594255e-06 3.12115382329451e-05 4.01185266578853e-05 2.59525179801707e-05 4.91291796672589e-06 5.33712678462927e-07 0 0 0 0 0 0 0 0 0 0 0 0 0 0 0 0 0
0.000375340054072305 0.000319606979818708 0.000246512018085934 0.000267834779219335 0.00021392145531033 0.000242595491611636 0.000225223958897493 0.000151883399136364 0.000145934103658982 0.000171212192293349 0.000135860287472255 9.26716091834759e-05 0.000108667044190763 6.22635937905561e-05 9.49236209047379e-06 6.80565135392811e-07 0 3.19201571907928e-08 6.23810454124464e-07 4.38497168839765e-06 1.60773247442437e-05 4.08679544829208e-05 2.86089591614417e-05 6.25743437410686e-06 2.06950902889986e-05 6.48105814899981e-05 2.15950682708303e-05 3.00761149193868e-06 1.54098015591444e-07 4.99034125705715e-07 5.11405849708583e-06 2.08731237749652e-05 4.29170578616866e-05 5.9841994182049e-05 8.81934463769606e-05 2.03894749235655e-05 4.03479766005391e-06 6.56124320657625e-07 1.49241648579173e-07 0 0 0 0 0 0 0 0 0 0 0 0 0 0 0
0.000212424540012635 0.000192864142654741 0.000178464735408557 0.000260398451017324 0.000259407255286228 0.000249712053874811 0.000192458417672281 0.000167362067430583 0.00017492600744535 0.000178270350575736 0.000147358291107366 0.000112583483775576 8.54953478354288e-05 0.000109766696204595 2.17932583712746e-05 3.7178435586929e-06 2.81898814070543e-07 1.79349575731472e-07 3.73717909590589e-06 2.78040151977464e-05 5.7013420843942e-05 6.68359160323699e-05 3.02344317243769e-05 1.09222290313163e-05 3.01556836276835e-05 4.67643176997273e-05 3.19350473507352e-05 5.06647862374382e-06 3.32259019991174e-07 1.41934398528208e-06 1.24844368517728e-05 4.45446781708937e-05 8.70713516864258e-05 0.000100183568871212 9.86957698827438e-05 7.4160672706739e-05 2.52803061097783e-05 7.90111161581906e-06 2.70777149062008e-06 4.36427333522001e-07 0 0 0 0 0 0 0 0 0 0 0 0 0 0
0.000147633326568828 0.000235603900657992 0.00024657071279216 0.000319368048299203 0.000307458514100464 0.000219052317275 0.000175695175962023 0.000122328340076135 0.000132439081031064 0.000149023322466126 0.000165880023579068 0.000165041326273385 0.000120331702667286 0.000128226459170688 7.3611019991306e-05 1.66063564790324e-05 1.61237089158155e-06 3.45547858078412e-07 7.87602271698742e-06 6.88536017970613e-05 0.000149818183178569 9.64407226774406e-05 4.42106993764574e-05 3.86376175938228e-05 3.3953965167881e-05 2.7397793420176e-05 2.71702799881926e-05 5.40940789378133e-06 4.37183771179224e-07 2.15060915747177e-06 1.9358493383129e-05 4.26067821580913e-05 0.000102085977768639 0.000119195900829309 0.000173136904794827 0.000190061002924872 8.89713987498047e-05 4.68877889105253e-05 1.92228257610716e-05 2.72746221097989e-06 0 0 0 0 0 0 0 0 0 0 0 0 0 0
0.000202656466989898 0.000306985487506895 0.00028037407574013 0.000338523904189176 0.000283608167365294 0.000225257023773819 0.000182367966467302 0.000101816236606802 7.34320211749391e-05 8.13083378115102e-05 0.000193991913836403 0.000215924431635314 0.000191705309274983 0.000214904953674901 0.000153827886788413 4.48066292341258e-05 4.2511662458278e-06 4.15644099022856e-07 5.79047808286936e-06 4.99512166525473e-05 0.000116166434223347 9.93387885157192e-05 9.58777442348152e-05 5.40036875627102e-05 3.4082759163678e-05 9.75701468766359e-06 1.38782317048004e-05 3.5348255178928e-06 2.96000915043956e-07 1.49745703639501e-06 1.29598099707764e-05 4.27421852845375e-05 8.47326218881841e-05 0.000130698576538702 0.000216553315469162 0.000185769855932248 0.000148074328864426 9.6594251669491e-05 3.63454744133975e-05 5.81380585071282e-06 0 0 0 0 0 0 0 0 0 0 0 0 0 0
0.000238955221198897 0.000295819194972149 0.000367205437786363 0.0003474514686348 0.000271670217452521 0.000225298397713703 0.000214933959148956 0.000139012136551097 0.000111062719227603 9.91414985676469e-05 0.000158038983404346 0.000185124708645113 0.000198742647608389 0.00024743674771141 0.00014038385168129 4.09387623197957e-05 6.64131447981716e-06 8.13899801677265e-07 1.59621910605498e-06 1.13941383579389e-05 2.93954508309705e-05 6.52004480208013e-05 0.000145797876606734 5.53880077655983e-05 1.56831822786708e-05 2.89317860665415e-06 1.58934694590011e-06 6.43080158472979e-07 6.42063096014078e-08 4.04943799271575e-07 3.65207879717856e-06 1.47572988609403e-05 4.35375012354587e-05 9.14166271470736e-05 0.000151402950251122 0.000131429597704377 9.05917286658994e-05 6.09348304425866e-05 2.36625950727628e-05 4.2278286990973e-06 0 0 0 0 0 0 0 0 0 0 0 0 0 0
0.000277843383453618 0.000300069072976939 0.000350723007538328 0.000301301551154929 0.000339362111306319 0.000321095279138401 0.000297139496537848 0.000237627626606189 0.000131110994798261 9.10858718346903e-05 8.02335311556576e-05 0.000103767370518712 0.000146221667784671 0.000167239449413127 0.000113264500486002 7.06229415351737e-05 3.18135664417623e-05 9.01250913526436e-06 1.37121110278173e-05 2.79650327799945e-05 2.64992217936392e-05 4.63258209528931e-05 7.18972103762438e-05 4.38770620863676e-05 1.27561608721306e-05 1.71296274816574e-06 1.44901525311422e-07 3.10993236707213e-08 0 0 3.85228864524838e-07 2.07120180081108e-06 9.29660163600315e-06 2.5633249425797e-05 5.13099618134959e-05 8.98346155669799e-05 7.34314918344709e-05 5.04921823620803e-05 9.50128584875867e-06 1.11117621391856e-06 0 0 0 0 0 0 0 0 0 0 0 0 0 0
0.000318503572879604 0.000320356978369858 0.000327126077480977 0.000348735471537545 0.000431035692905529 0.000341334700416517 0.000330920419668566 0.000257980842839092 0.00012274814838396 7.22691045932523e-05 7.15226218357517e-05 0.000124870797007667 0.000153748283213727 7.17218890034773e-05 9.55070238189445e-05 0.000131603188708904 0.000121197813940435 4.30447477745717e-05 7.1467980259921e-05 0.000161723588831611 0.00012544827338155 6.62272344332533e-05 6.61373081882925e-05 5.20257241901122e-05 2.50390805244938e-05 2.67645972717697e-06 1.1302778145424e-07 0 0 0 0 1.33033579882493e-07 1.02227739965623e-06 6.97539467199874e-06 3.4606758496936e-05 6.87100365595731e-05 9.31325703639461e-05 3.23532745165739e-05 4.57761250328237e-06 2.71775555965591e-07 0 0 0 0 0 0 0 0 0 0 0 0 0 0
0.00043776357766398 0.000434613923075799 0.000514663025073248 0.000554832396453985 0.0005867727073707 0.000441334569909887 0.000359793106576587 0.00021698013408575 0.000106210217407743 6.90924530081842e-05 4.22793155057892e-05 9.41665436835654e-05 0.00012326329344069 6.29026000239465e-05 5.42951513070024e-05 0.000124814931346556 0.000178967572000642 9.41278907481018e-05 0.000105759371047086 0.000202890932351997 0.000173602687852451 9.31739825535392e-05 5.82453801624806e-05 2.96964593365297e-05 9.48197301253342e-06 1.26626843091009e-06 0 0 0 0 0 0 1.43640776480165e-07 1.9906426309565e-06 1.30908954857677e-05 4.13603484532941e-05 5.48199973871034e-05 3.27497310859135e-05 3.32176708537896e-06 1.4634149553059e-07 0 0 0 0 0 0 0 0 0 0 0 0 0 0
0.00050729851293392 0.000543975493040123 0.000772451567048385 0.000770276575069198 0.000683583925309503 0.000596757218064429 0.000449256373419653 0.000252865427012114 0.000124803597194481 7.80437835453466e-05 4.36072531780889e-05 7.67843505419194e-05 0.000117424651021356 0.000123134580062504 0.00016862862646324 0.000186288393546096 0.000190890736141637 0.000138792046313004 0.000204153920475625 0.000160940456573575 0.000177253416464727 9.38692505366216e-05 2.87474625879785e-05 7.05985311484933e-06 1.37259322186193e-06 1.62938566025064e-07 0 0 0 0 0 0 0 2.24223898787202e-07 1.74372759606501e-06 6.50522531787957e-06 1.18842422934132e-05 7.08214100283081e-06 1.17201229995387e-06 0 0 0 0 0 0 0 0 0 0 0 0 0 0 0
