simulations/projFolders/pop250/sim2/UDs_popWinter/averageUD_winter.asc
NCOLS 108
NROWS 175
XLLCORNER -968446.38058721
YLLCORNER 1735200.56924702
CELLSIZE 500
NODATA_VALUE -9999
[rows 96 to 119 of 175, columns 0 to 53 of 108]
0 0 0 0 0 0 0 0 0 0 0 0 0 0 0 0 0 0 5.11544349016928e-07 8.21656454160547e-06 5.71265853806575e-05 0.000162971839270264 0.000188512846783003 0.000134438262951429 7.29272897415921e-05 9.56781138731135e-05 0.000122915984135119 0.000116338327528685 0.000133164833617624 0.000107319322942333 3.32756754281604e-05 5.41685625666462e-05 0.000112841035267329 0.000182029846474279 0.000299782772623243 0.000431629749960812 0.000323914380784045 0.000336210411544679 0.000408722873200446 0.000269379159714004 0.000168110736795245 0.000320814406165232 0.00047281214583315 0.000439721245411292 0.000446745658769975 0.000527699673954906 0.000535397975939327 0.000505105516535775 0.000464783456154104 0.000703964722802329 0.000625434968240055 0.000636425087922181 0.000883518630255514 0.00103258372516572
0 0 0 0 0 0 0 0 0 0 0 0 0 0 0 0 0 0 1.27120103540622e-07 2.02644476619206e-06 1.24598192021638e-05 3.69364097627224e-05 5.04585467159834e-05 3.15894008306716e-05 2.16082426581043e-05 6.42914466291692e-05 0.000117217319051245 0.000124857205868093 0.000180133584844263 0.000155704716183739 6.44363549793288e-05 6.19941754993378e-05 0.000140692896904038 0.000176453707356083 0.000248832709562893 0.000269771850698793 0.000237589792597944 0.000238970962878711 0.00018152484043174 0.000144274929165977 0.000138112612545364 0.00023317937965064 0.00039845268368351 0.000547749114206289 0.000579897656041315 0.000672213387022121 0.000598888025361288 0.000500940911673723 0.000455066249540211 0.000570209339686688 0.000527306266764867 0.000560928539960876 0.000727532384716279 0.000926534053334304
0 0 0 0 0 0 0 0 0 0 0 0 0 0 0 0 0 0 0 1.81140989255237e-07 1.18181342231149e-06 3.75850219190797e-06 7.72569468062521e-06 5.02661842501331e-06 8.63913912122144e-06 4.08894000478414e-05 7.54465288304491e-05 0.000111624585438244 0.000165667612066497 0.000200631549068859 0.000128168052337724 8.98896043587838e-05 9.96078391964551e-05 0.000162574564999704 0.000233198505072749 0.000185693691091545 0.000184569257198828 0.000195146300318215 0.000134623400376818 0.000176199578292893 0.00018749776785201 0.000245679093350398 0.000384783536454161 0.000513324166505076 0.000554689855445774 0.000535524663556309 0.000662912168150729 0.000599270119903345 0.000411769160605323 0.000460525850583926 0.000423806749882707 0.000495615438892265 0.00065745583331349 0.000721651520496997
0 0 0 0 0 0 0 0 0 0 0 0 0 0 0 0 0 0 0 0 0 0 0 1.10106797339012e-07 1.67196430226432e-06 9.1472059408494e-06 1.90186782775193e-05 4.64667377345344e-05 0.00012535826214249 0.000214931765047558 0.000167657671456691 9.37457342549042e-05 0.000103734689369115 0.000200887211129025 0.000240525909322574 0.000230369377073841 0.000261673908582521 0.000286766496448365 0.000234130123591263 0.000254384670277403 0.000283265699307296 0.000387357154260328 0.000475692908589301 0.000464952030465893 0.00035503057284572 0.000430541487374505 0.000639337140770335 0.000577083715745361 0.000477981381245562 0.000397054090580182 0.000416090074657399 0.000513235264001903 0.000605469028315234 0.00060792777998922
0 0 0 0 0 0 0 0 0 0 0 0 0 0 0 0 0 0 0 0 0 0 0 0 1.5690405412831e-07 9.45943123728701e-07 3.58712611984527e-06 1.47378113726285e-05 4.28868975621914e-05 8.17040462668881e-05 0.000152111068332048 0.000113673729154919 0.000114757298231973 0.000142004075164677 0.000184653129850693 0.000223426183807537 0.000261254556364461 0.000264687298556322 0.000206252450227532 0.000279748138294403 0.000338381336485477 0.000470896420452634 0.000408977085715233 0.000353386324073899 0.000267800503077966 0.000319413600814267 0.000446685027196556 0.000457964037646092 0.000421185004090759 0.000415625015517539 0.000428034844656298 0.000441062290983165 0.00043701377081976 0.000544939538069728
0 0 0 0 0 0 0 0 0 0 0 0 0 0 0 0 0 0 0 0 0 0 0 3.09854294682345e-08 5.37788902748074e-07 3.92046058457922e-06 1.32478343589912e-05 3.17810575868411e-05 2.14514393541611e-05 2.15956505802699e-05 6.2408913727086e-05 0.000112591260260864 0.000146356760416902 0.000163563283005299 0.000214825314360712 0.000265017843160611 0.000244452333602154 0.000167668529353684 0.000179951580882779 0.000201611943000595 0.000220838469270053 0.000286999070541699 0.00032906105084347 0.000390803782715518 0.000315780561459207 0.000338020081613885 0.000417994772352813 0.000431263639337026 0.000447411071549017 0.000454621201226466 0.000471380720775089 0.000317500442991864 0.000318903858912764 0.000496063855912539
0 0 0 0 0 0 0 0 0 0 0 0 0 0 0 0 0 0 0 2.81342508903409e-08 1.91702871188899e-07 4.28326049485638e-07 4.04858525048357e-07 4.26249025521753e-07 3.46579891547696e-06 2.07911319981605e-05 5.7993698851484e-05 7.44977444234449e-05 4.54964132042645e-05 1.3590852843183e-05 1.91382899602397e-05 6.14864695672074e-05 7.7320648535469e-05 0.000125776284475571 0.000208372043643896 0.000222168166530838 0.000158081682252456 0.000100466382060332 0.000145010538132155 0.000208486754572625 0.000194437192081322 0.000247288589620266 0.000360604414827682 0.00033054677787204 0.000220879038343506 0.000358602538947631 0.000587350274348445 0.000518938335551226 0.000450126344908457 0.000571466681034201 0.000613626794293594 0.000462964026832039 0.000335679168719131 0.000487173342940462
0 0 0 0 0 0 0 0 0 0 0 0 0 0 0 7.22020194928139e-08 7.14351408364176e-08 3.42474959244193e-08 4.20908981951236e-08 4.30219224552571e-07 3.11358994730817e-06 7.21786077895234e-06 7.43608688760085e-06 4.85029630248481e-06 1.51828909256973e-05 5.19065223511701e-05 7.7949263137058e-05 5.90750574926148e-05 3.3660959444444e-05 2.05693407794213e-05 1.74136981690752e-05 5.14549712267068e-05 5.76140864150556e-05 7.5644785258523e-05 9.93568349133143e-05 0.000158145456439297 0.000145725828386433 0.000107899140075453 0.000174424818031843 0.000296627955266561 0.000333739023962489 0.000339854450175865 0.000352612073944757 0.000257716757839356 0.000196255992993481 0.0003691453531357 0.000600312641621871 0.000553483931719102 0.000563616502700552 0.000599681684118276 0.00072781875517019 0.000586788965097808 0.000395252479641752 0.000378954960715085
0 0 0 0 0 0 0 0 0 0 0 0 0 3.96993018418426e-08 5.71284559420482e-07 2.21352511964635e-06 2.2013436532039e-06 1.22880400129455e-06 1.09478610076241e-06 2.85708717934392e-06 1.61573123148682e-05 4.13263700804898e-05 5.83804696660499e-05 2.58026178865314e-05 4.06645089291892e-05 8.00237208415892e-05 6.12492039655092e-05 3.26904437238358e-05 2.1522769874003e-05 3.24856310540486e-05 3.16634632106625e-05 3.75164432828221e-05 5.1649389776315e-05 6.0120729176919e-05 0.000106875362569788 0.00014874037704557 0.000103675001640194 0.000161058583782681 0.000292595206210581 0.0003089115032779 0.000314563770085758 0.000411992346144923 0.000266529651987017 0.000165041720251938 0.000175564161154787 0.000293455896265938 0.000518404395408139 0.000592993978583831 0.000575192306818913 0.000707390285628553 0.000654914681310403 0.000630459184758683 0.000516209465256912 0.000494735378025852
0 0 0 0 0 0 0 0 0 0 0 0 0 2.61307344710232e-07 4.42073074996414e-06 2.41622589471518e-05 2.21076756663582e-05 1.60470418594146e-05 1.53639130258052e-05 1.87333039895178e-05 4.10809479556851e-05 6.76154121596926e-05 0.000101750835752308 4.53178584468666e-05 4.03857268297697e-05 5.38349300495846e-05 2.91452282330598e-05 8.1579828382768e-06 1.25673981353774e-05 2.94604450394698e-05 2.95908516203044e-05 2.77647431874293e-05 5.29051867217888e-05 6.92123165336255e-05 0.000143429209444339 0.000219450312643891 0.000169834606367581 0.000199942962408477 0.000320283060293935 0.000329206874065263 0.000270450207108113 0.000244454345768232 0.000155918289965055 0.000105197816935009 0.000107884031192949 0.000209027764137992 0.000476131132283998 0.000507878099273665 0.000398835035925433 0.000455137463157242 0.000502728448880139 0.000521997387830655 0.000523670397749873 0.000682136509188181
0 0 0 0 0 0 0 0 0 0 0 0 0 4.46876045210959e-07 7.63699877826878e-06 4.45821732177388e-05 7.78616443092589e-05 8.60335081612611e-05 7.59066492139906e-05 9.2490181305031e-05 9.46059971824459e-05 5.40217794350404e-05 3.12210526243651e-05 1.30246076702125e-05 9.9326968169605e-06 1.63721473179523e-05 9.6497521458288e-06 9.24476530199199e-06 2.76749627308312e-05 5.77292097596137e-05 5.98633047051963e-05 4.87205829516401e-05 6.42947408917378e-05 0.000149650349246399 0.00023630290113457 0.000231657758620593 0.000203350338571195 0.00022261584463396 0.000306390777874611 0.000306113641534958 0.000207869248008176 0.000159040152989034 0.000105789204707016 6.14761613033283e-05 9.37738823774077e-05 0.000144502377598193 0.000355133254171794 0.000417078789094137 0.00032193218009746 0.000344086170573686 0.000462229408836736 0.00042524453026055 0.000497378850813123 0.000566023313876099
0 0 0 0 0 0 0 0 0 0 0 0 0 2.86706664997453e-07 5.00239804268995e-06 3.24396267456718e-05 7.98687860181127e-05 0.00010540289429322 8.68688002023656e-05 0.000112344488475026 0.000142041265930975 3.82399372666204e-05 8.44315532395592e-06 1.72864412848075e-06 9.29993053213e-07 2.22357010299931e-06 8.85909725702769e-06 3.53064493018204e-05 3.84192918627626e-05 2.8971731575875e-05 2.73660935535158e-05 2.32704614699829e-05 5.79434842520271e-05 0.00019514478766118 0.000365249341267546 0.000322418456821023 0.000211606875856044 0.000204363122796124 0.000266948940489517 0.000260111644584396 0.00024730559199798 0.000270417864945381 0.000178343530913213 0.000151632938880211 0.000168292428239798 0.000167703478361062 0.000249095207428892 0.000346761678118118 0.000312893409491863 0.000314338137525197 0.000341033591379052 0.000380593821040027 0.000412822078532228 0.000435434035428418
0 0 0 0 0 0 0 0 0 0 0 0 0 1.57809597984885e-07 3.12115205378162e-06 2.42015626224365e-05 4.18065488239773e-05 3.57827544127865e-05 5.15293814120235e-05 5.75547218186878e-05 5.7237230227786e-05 1.57267786525315e-05 1.93712091958985e-06 1.62635929844131e-07 2.98417060478222e-07 3.54364802395154e-06 2.12524849398355e-05 5.11223878590772e-05 2.40367990861711e-05 6.66875007870564e-06 3.68727443041542e-06 6.0261855600727e-06 3.73557106270741e-05 0.000134021601142387 0.000279027920150449 0.000220039233513383 0.000147388313396497 0.000132379023487045 0.000182520520015371 0.000217505544430916 0.00028392492015546 0.000316516137319778 0.000316412605561588 0.00032159031827225 0.000400809828097372 0.000377144085721832 0.000237210190209613 0.000252600649228435 0.000318271326007912 0.000272756870356897 0.000239179413701927 0.000275708146073551 0.000360718897371377 0.000422057134654501
0 0 0 0 0 0 0 0 0 0 0 0 0 5.22711743419057e-08 1.01718853669442e-06 6.21619960146421e-06 8.99260584052695e-06 6.07677455848045e-06 7.41541478607828e-06 1.22490487963846e-05 1.08165722314809e-05 3.47440759569339e-06 3.37106874133038e-07 7.05265338016881e-08 1.53987621852165e-06 1.21968093124761e-05 4.54871863950691e-05 7.58272250935235e-05 2.60448069250192e-05 1.05083284409123e-05 3.7988174726833e-06 7.27988069239503e-06 5.0041235273066e-05 0.000138554812376274 0.000203135898288812 0.000138836380061513 0.000104566705388476 8.78025112408147e-05 0.000104284864534684 0.000160675728655672 0.000199484257315106 0.000290321675650048 0.000385517825281504 0.000437555067898231 0.000419480408690209 0.000414992062393393 0.000359532041364832 0.000273263090483913 0.000194805264572491 0.000218247094380193 0.000302304269267124 0.000485284970958703 0.000446468921054573 0.000517161900106437
0 0 0 0 0 0 0 0 0 0 0 0 0 0 9.74233334770465e-08 4.95569780351946e-07 7.01308541299985e-07 4.15226298984833e-07 4.99048386582635e-07 9.18731908097035e-07 8.59432038648187e-07 2.82769033152909e-07 2.76561604485516e-08 1.41105643673084e-07 3.18779004662477e-06 3.14451344237001e-05 4.97431367285462e-05 5.96552062056754e-05 4.18173236440865e-05 2.82366220787212e-05 9.18907596279928e-06 9.53523703858527e-06 5.97851841089153e-05 0.000159174349121424 0.000175117008346701 0.000131271533637051 0.000120340263850051 9.8224670439325e-05 0.000106478387566641 0.000142371711287564 0.000120740758779592 0.000171039866541471 0.000249122371037933 0.000249301892209849 0.000238811708843069 0.000340754467913529 0.000310035220179564 0.000291105724133046 0.000203613945824279 0.000233099587846931 0.000318261018224246 0.000456393190137107 0.000662636566692524 0.000740958423036924
0 0 0 0 0 0 0 0 0 0 0 0 0 0 0 0 0 0 0 0 0 0 0 8.76167032195162e-08 1.92763155746401e-06 1.3981191438116e-05 3.68700586172322e-05 1.93774606986791e-05 2.28268504088871e-05 1.86298973814375e-05 5.4764630536542e-06 6.78742759759021e-06 4.56622949460755e-05 0.000115616371827845 0.000105084044834005 0.000124638080101838 9.00641865233608e-05 5.83569459712199e-05 7.54307498176969e-05 0.000128250767461131 0.000195978145127018 0.000164123425119576 0.000230609664799103 0.000258136744550024 0.000245910802041333 0.000301733490721452 0.000259229835818324 0.000227451709278248 0.00021382806258816 0.000251456039083431 0.000350992301065063 0.000500052560472067 0.000668973107398735 0.000694478294404445
0 0 0 0 0 0 0 0 0 0 0 0 0 0 0 0 0 0 0 0 0 0 0 3.42309285689358e-08 9.00879385668445e-07 7.65753956330837e-06 1.67632978369954e-05 6.17286236810986e-06 2.59426119676081e-06 1.89038179770187e-06 9.00417515155164e-07 4.96127874677057e-06 3.9006948720157e-05 8.02393491205039e-05 7.53814047024507e-05 4.17942097311891e-05 2.52146167853925e-05 2.25277072696848e-05 5.51077630240756e-05 9.6682539623456e-05 0.000109288156792565 0.000114705266200167 0.000155230805706839 0.000214517826163789 0.000241382264940824 0.000255807018254563 0.00023017904773974 0.000215157895701987 0.000263414513595876 0.000244857493904821 0.00025753907346475 0.000311515916472798 0.000428178641145547 0.000459273981855208
0 0 0 0 0 0 0 0 0 0 0 0 0 0 0 0 0 0 0 0 0 0 0 0 7.56608613122448e-07 7.18855345451997e-06 1.82086508678126e-05 4.67893201747344e-06 4.9996020959063e-07 8.24206726780228e-08 4.54214648818468e-07 6.78401242315799e-06 3.80928513387626e-05 5.97214504746242e-05 4.68978466995637e-05 1.19637740398453e-05 3.04629624516498e-06 4.90852398681989e-06 2.47384621703336e-05 8.05639875571503e-05 7.14217362232928e-05 5.36767803660649e-05 6.21765203685396e-05 0.000158262466887135 0.000177820593076688 0.00017298003747337 0.000133142401563818 0.00018609904778686 0.000171866299412966 0.000160740236699236 0.000168096285382823 0.000256061245237591 0.000361936443363493 0.000281601873196363
0 0 0 0 0 0 0 0 0 0 0 0 0 0 0 0 0 0 0 0 0 0 0 0 6.0339830801547e-07 6.83937035339539e-06 2.24856547958219e-05 7.36617250194098e-06 1.33852229887685e-06 2.05241507452888e-07 9.37241624121013e-07 1.26537547882576e-05 6.42543252245753e-05 9.18523691581481e-05 3.21485286837334e-05 4.35448193354176e-06 4.34331937765145e-07 2.42920566176457e-06 2.22667859727336e-05 5.65764934156634e-05 3.43549309682952e-05 2.08868647410584e-05 9.26903484868853e-05 0.000134455411430371 0.000238020524762957 0.000121966889121123 0.000100659511643127 0.000151300380319959 0.000156144203377579 0.000231513717888361 0.000287412455790577 0.000343521596229794 0.000446014580502584 0.000287141533580748
0 0 0 0 0 0 0 0 0 0 0 0 0 0 0 0 0 0 0 0 0 0 0 0 4.26989485176059e-07 5.08436933039796e-06 2.02779360067656e-05 2.23297607100938e-05 8.50387476183879e-06 2.62815551770273e-06 2.88951396873923e-06 1.84244043150261e-05 7.04302526844168e-05 7.48463719906539e-05 2.24631503171342e-05 2.60002200896006e-06 3.8725034019033e-07 4.26173261702731e-06 2.54890010632005e-05 4.77486867344903e-05 3.29856420789272e-05 2.81463437647234e-05 6.43009594198785e-05 0.00010536919988649 0.000178214762550615 0.000176869835342667 0.000114617971599953 0.000154622704627276 0.000186457731542396 0.000312323504985151 0.000400471985378361 0.000419956083397656 0.00052263114123374 0.000425704270056938
0 0 0 0 0 0 0 0 0 0 0 0 0 0 0 0 0 0 0 0 0 0 0 0 7.94004590528763e-07 1.03177735557636e-05 3.686264528954e-05 4.07901033662819e-05 3.86250056235203e-05 1.68211795349941e-05 1.60994556752676e-05 3.94190050335672e-05 4.82407542763012e-05 5.02099450559097e-05 2.50281582061719e-05 3.14907943464512e-06 4.51773070274368e-07 5.76443062027802e-06 3.63498525608198e-05 5.30775767276486e-05 3.86778423471335e-05 4.37491024973896e-05 7.26669323968395e-05 9.72491670170317e-05 0.000163914865542622 0.000230454715663818 0.000134567959027727 0.000150836609268342 0.000273190827277255 0.000268898268137674 0.000271303643699481 0.000269599989458601 0.000321649184374572 0.000337887279151158
0 0 0 0 0 0 0 0 0 0 0 0 0 0 0 0 0 0 0 0 0 0 0 2.82686196375491e-08 1.10680679764546e-06 1.45620964433147e-05 6.00662380315119e-05 6.93512037232706e-05 6.73319920738526e-05 5.34074827902594e-05 6.13018721197365e-05 9.62835250893543e-05 6.44365100736413e-05 2.50631115864001e-05 1.20895997505266e-05 1.70610984747067e-06 1.91621598742368e-07 4.51075496569422e-06 3.21807775104814e-05 5.43533208127804e-05 5.5047232877506e-05 8.30696822471848e-05 0.000115503446055316 0.00013774319705794 0.000231451424715416 0.000154842591254971 0.000213841329074505 0.000207560284014219 0.000238182321251019 0.000190488917518955 0.000118336694803732 0.000119787861841274 0.000187105900505623 0.000207702009715
0 0 0 0 0 0 0 0 0 0 0 0 0 0 0 0 0 0 0 0 4.79793699810633e-07 3.35220340560214e-06 9.2491721712569e-06 1.00899562215826e-05 9.84627357451624e-06 1.72183369245709e-05 6.08161315178347e-05 9.12294785742408e-05 5.88355851220766e-05 5.49664618317658e-05 5.71843946974299e-05 0.000107195036897042 6.69241497586229e-05 1.29616763412155e-05 1.83364446231647e-06 2.37769636385821e-07 1.46837643080184e-07 4.20096825010618e-06 3.18856384762724e-05 8.4278553937223e-05 0.000107585692636415 0.000155483618341932 0.000164958653001287 0.000199655868618879 0.000169888285647086 0.000144703235501255 0.000129546040958642 0.000249574760236298 0.000183211780197274 8.38300474663264e-05 4.39310212283059e-05 5.37181439595371e-05 9.52762583795163e-05 0.000151512939363484
0 0 0 0 0 0 0 0 0 0 0 0 0 0 0 0 0 0 0 3.10286006351323e-07 3.35408095191212e-06 1.70489735861106e-05 8.52427780426962e-05 5.34252226226565e-05 4.13902646007556e-05 4.66623720602799e-05 6.55690766716179e-05 8.448119832071e-05 5.4537586854934e-05 2.64143980977165e-05 3.14619680792323e-05 6.55560823933987e-05 5.21497838076023e-05 1.07693306028564e-05 8.41610293520298e-07 3.01741838413069e-08 1.62977981342642e-06 1.14769004258241e-05 4.11881501689173e-05 7.96692302058727e-05 0.000146855870227118 0.000184931686104389 0.000284302194841259 0.000289132061578993 0.000197513051284414 0.000110828443418752 8.47224111003091e-05 0.000137593549119887 0.000115772842285831 4.04604827795061e-05 1.79057199523887e-05 5.17282116584945e-05 0.00011424853593266 0.000162720388417949
