simulations/projFolders/pop250/sim2/UDs_popWinter/averageUD_winter.asc
NCOLS 108
NROWS 175
XLLCORNER -968446.38058721
YLLCORNER 1735200.56924702
CELLSIZE 500
NODATA_VALUE -9999
[rows 72 to 95 of 175, columns 0 to 53 of 108]
0 0 0 0 0 0 0 0 0 0 0 0 0 0 0 2.00217240442752e-07 3.27612436299169e-06 2.32064276878884e-05 9.5320455707458e-05 0.000150003761017672 0.000152192488276791 0.000175994589883263 0.000163825899323888 8.05004387903902e-05 2.41616126092852e-05 1.15350254027415e-05 6.98051554917405e-06 3.34166567693736e-05 0.000113240663299262 0.000105475835011586 5.0643736950273e-05 2.85349155825252e-05 7.30012170798098e-05 8.49842694387374e-05 4.53538992335119e-05 0.000110948370510596 6.33110211707081e-05 3.35273978919733e-05 4.68543904606466e-05 4.71876371882457e-05 0.000104026835736474 0.000275879321511083 0.000340266654886069 0.000366493617636359 0.000368816113565358 0.000162906036179005 0.000197769588642281 0.000406570671757859 0.000613414746782631 0.000612281893373681 0.000611464426071761 0.00064656429018957 0.000555812442143838 0.000488660651754941
0 0 0 0 0 0 0 0 0 0 0 0 0 0 0 5.74106641443884e-07 8.49717389591602e-06 4.4920224685793e-05 8.66612046752425e-05 0.000111697852585172 6.64635747514219e-05 5.74378371103109e-05 7.85509422236011e-05 5.48633001615225e-05 1.12666450414285e-05 1.76972998409894e-06 3.73237399529096e-06 3.88107025263942e-05 0.000120110423952449 0.000130603057854477 9.81714986032941e-05 5.55091146248663e-05 6.47598709758222e-05 7.15358564461268e-05 5.48161761705807e-05 0.000103218799549001 0.00012018448967938 0.000179954961831107 0.000108568547842713 0.000104697374049304 0.000127690451044013 0.000239972494376806 0.000380259492563068 0.000294044879195711 0.000245909519770219 0.000197197287285974 0.000164787027509397 0.000219868299397538 0.000448823874761271 0.000487477740205089 0.000501967047077144 0.000585063359856697 0.000532509568105319 0.000407510766837932
0 0 0 0 0 0 0 0 0 0 0 0 0 0 0 5.00668305785475e-07 6.396216338853e-06 3.27664203864467e-05 2.53854356646212e-05 1.99815053445612e-05 1.08875762645529e-05 7.04153859821618e-06 9.9951354763157e-06 7.86497629993251e-06 2.11848039130027e-06 2.41896119348176e-07 1.78175955037432e-06 2.09004418816901e-05 8.0285371727914e-05 9.33500961180186e-05 6.76978025425591e-05 6.54317652652168e-05 6.08574570944283e-05 8.97035137538435e-05 9.21173169991459e-05 0.000147169481928175 0.000219987326391581 0.000166621902037831 0.000103314611454318 0.000161461978414162 0.000183201185329786 0.000235806065450371 0.000286740854023783 0.000338125575901569 0.000268013722280039 0.00027545995356604 0.000308851193025321 0.000308279807377383 0.000319270678571343 0.000395630579057347 0.000459741402276143 0.000476395883579553 0.00043177198585174 0.000389490889940951
0 0 0 0 0 0 0 0 0 0 0 0 0 0 0 1.25190941587338e-07 1.40922632966449e-06 4.5786444086948e-06 3.33131104629072e-06 1.51468336080764e-06 6.53458293373096e-07 3.4016059354299e-07 5.31076278877796e-07 4.66210069024768e-07 1.35505746552395e-07 0 6.07358131530732e-07 8.4214282667872e-06 4.04163468533706e-05 3.07167190985881e-05 2.70434818166725e-05 6.60651014030475e-05 6.17141616385021e-05 9.75932399511906e-05 0.000161290537527869 0.000178844942756383 0.000172703783685548 0.000114185171145764 8.03529884680233e-05 0.000157731099919199 0.000258974614921296 0.000283588157552356 0.000348825479367819 0.000365452017883525 0.000326701876826698 0.000294705952680944 0.000455312557858463 0.000481829976651106 0.000386136819655593 0.000489278719539467 0.000435988810414373 0.000497086219310376 0.000446189775994008 0.000488893938120869
0 0 0 0 0 0 0 0 0 0 0 0 0 0 0 0 1.4685904894748e-07 6.48038985520348e-07 9.91286127594038e-07 4.71132865530041e-07 7.31476320479603e-08 0 0 0 1.73910142579969e-07 2.60686827761976e-06 1.48172915652629e-05 1.81262694489259e-05 3.10670388789147e-05 6.07704337310002e-05 5.10140810681679e-05 8.63816294091317e-05 7.88115793653038e-05 7.38898398238417e-05 0.000133860534709359 0.000149989472492113 0.000154272521140187 0.000128224009734109 0.000106617841626143 0.000208256383348218 0.000357475726697165 0.000372655524325881 0.000414898596227707 0.000442364826905008 0.000391551740702528 0.000390785393867702 0.000524049302926842 0.000702883293031436 0.000484043270060606 0.000441904210897786 0.000509076873851752 0.000617661074181952 0.000462424373734363 0.00046389105816305
0 0 0 0 0 0 0 0 0 0 0 0 0 0 0 1.62304873772764e-07 2.05470831084917e-06 8.54075792975258e-06 1.34251452950731e-05 5.63722522796227e-06 9.63133934192224e-07 2.10130514411008e-07 0 0 4.98275970922496e-07 6.92728906706348e-06 3.97458055210182e-05 3.560823189651e-05 4.86383816054283e-05 6.1839822126738e-05 7.53012797617464e-05 0.00011386100296881 8.47727424497818e-05 0.000118071469719645 0.000129681169112098 0.000141245152869793 0.000196806266682792 0.000207722992201598 0.000213601712083395 0.000319951024278406 0.000605498204985296 0.00056841548926282 0.000523256979642771 0.000563629920912441 0.000571310553171955 0.000524991332967807 0.000705167639001008 0.000758150414486594 0.000636621033542496 0.000455447195004834 0.00054688793167774 0.000602574130228811 0.000434985687446068 0.000419912880580343
0 0 0 0 0 0 0 0 0 0 0 0 0 0 0 6.73113332436767e-07 9.56427957636821e-06 4.49905618919016e-05 5.24283572907652e-05 2.49196160525858e-05 6.94069312721547e-06 3.46094090409827e-06 9.66225343062609e-07 2.94615514506882e-07 1.14798510885704e-06 1.35628175453161e-05 6.04152616436457e-05 7.44233798147267e-05 0.000106683432099369 0.00013270526748743 0.000110887940932313 0.000125464795244109 0.000130612707957058 0.000213143094581641 0.000154363542365837 0.000123378512565954 0.00020357030252413 0.000280206459537354 0.000317581600601956 0.000401767179333284 0.000622559910027485 0.000691018545145771 0.000799796350613536 0.000903636771506571 0.000830829624268825 0.00078324272420713 0.000935868182085935 0.000927159166519535 0.000769929466387245 0.000505021820889769 0.000431963275692282 0.000505212987501054 0.000533205560952041 0.000459846389244045
0 0 0 0 0 0 0 0 0 0 0 0 0 0 0 6.94964662961507e-07 9.17951762459528e-06 4.93829175713304e-05 4.24830093879541e-05 3.21289636118856e-05 3.60552109692808e-05 2.23037954367196e-05 9.03103872920454e-06 4.1925427493986e-06 2.79803178207085e-06 2.06960917372524e-05 7.61934527947434e-05 0.0001733416126981 0.000193095386375605 0.000259240912066805 0.000211093057362819 0.000158529729777774 0.000188599462692805 0.00019021126125756 0.00014418321181672 0.000149912207497515 0.000286787222319215 0.000381227737399097 0.000355244322537863 0.000385173155442334 0.0005295369681467 0.000721315602121436 0.00104534900785134 0.00128557449499412 0.00112781904335429 0.0010577108776974 0.00105728826575574 0.00108302001836171 0.000870044567191289 0.000634216024445208 0.00042037013465859 0.000444402433914224 0.000498632734225401 0.00045351114651774
0 0 0 0 0 0 0 0 0 0 0 0 0 0 0 1.80038055944594e-07 2.0050085144972e-06 7.4217757192614e-06 1.41436029192197e-05 3.0296934761405e-05 6.14965110872045e-05 4.77016083783546e-05 4.63786050567808e-05 2.45153158845246e-05 7.99867231209987e-06 2.59650424061512e-05 8.05873255986459e-05 0.000152163814397229 0.000211098052045786 0.000298762337379639 0.000292672222782157 0.000257636648127231 0.000221412567369523 0.000203547485481217 0.000180706349740916 0.000140639373621064 0.0002732953372261 0.000439544413858953 0.000474645373852395 0.000415102169263492 0.000528498939030047 0.000762844645005303 0.00105949452521689 0.0013427699406197 0.00137743297093626 0.0010787725101254 0.000980036293663587 0.000966647017722684 0.000942099451683548 0.000811698770410025 0.000616415312892054 0.000491383349552461 0.000549631195769807 0.000537602293156353
0 0 0 0 0 0 0 0 0 0 0 0 0 0 0 0 1.33527282710329e-07 7.31611798810348e-07 4.8058992240408e-06 1.40858646448975e-05 1.42666306312974e-05 2.01793611002012e-05 4.93674129131118e-05 3.84379289953563e-05 1.98113685718067e-05 4.79919176901081e-05 0.000134370788900124 0.000192869071774054 0.000178022785535895 0.000182295671941284 0.000215236247982948 0.000275570032256355 0.000221330474391424 0.000175454947393934 0.000182519275819343 0.000202157198985811 0.000360347637792495 0.000526650090199196 0.000457318431669857 0.000389627818530119 0.000544641435457948 0.00079125203803652 0.000887984335947751 0.00130236627415974 0.0014360194585272 0.00114327297064232 0.000943963531201891 0.00101256560202561 0.00103312277073549 0.000812415152690954 0.000750819716339817 0.000752459178984901 0.000744559206471178 0.000675941802434448
0 0 0 0 0 0 0 0 0 0 0 0 0 0 0 0 0 5.86158021040181e-08 5.23856317035116e-07 1.36207195432366e-06 1.62337906620325e-06 4.89623146016044e-06 2.26458702182951e-05 2.96051550615769e-05 3.75109817744152e-05 9.52091235442696e-05 0.000195807795925405 0.000217800187193884 9.79838774570143e-05 7.21650774696789e-05 7.81391839552426e-05 0.000126921358517443 0.000149420554219627 0.000155685281242393 0.000251853100346694 0.000267691978881443 0.000314950578353316 0.000432141177272413 0.000433769522256084 0.000419943705640429 0.000522011991055933 0.000982106477816224 0.00111356807832176 0.00118146564616957 0.00124119698122178 0.00118160979779649 0.000935532990556712 0.000919145404373388 0.00101226653086746 0.000786604155869844 0.000738291197238467 0.000783134391113634 0.000867382634517389 0.000849642960805299
0 0 0 0 0 0 0 0 0 0 0 0 0 0 0 0 0 0 0 0 9.69718020995321e-08 9.22919658260465e-07 5.24220662067752e-06 7.76631009465206e-06 1.79909160318221e-05 7.53635122713946e-05 0.000113265787337331 0.000104951048245091 4.14938472506303e-05 2.45874718326538e-05 4.80749900703095e-05 0.000136835404086452 0.000154217150069571 0.000240383991812998 0.000297264965180909 0.000300580255394359 0.000336340105685572 0.000407196836711866 0.000426737018047088 0.000481190471174246 0.000545360682279751 0.00080226784323145 0.00107488967825428 0.00100482858531466 0.000784871735028235 0.00074305147485495 0.000829917843828821 0.00101647506713939 0.00103561501026632 0.000862676880340652 0.000738464436173957 0.000714333928829162 0.000672375401381459 0.000785479636226328
0 0 0 0 0 0 0 0 0 0 0 0 0 0 0 0 0 0 0 0 0 7.08575607692248e-08 3.58509714630545e-07 1.12504308318236e-06 7.95924279185236e-06 3.14183441076644e-05 3.72301388327615e-05 4.16256298678446e-05 3.93149540084731e-05 4.95202727498925e-05 7.52080204297071e-05 0.000129470921411114 0.000186078624814126 0.000232257256520563 0.000273004860945671 0.000231544967180432 0.00028969450106961 0.000361638270567826 0.000383218225383213 0.000484817317645278 0.000682038008994787 0.000801787981654231 0.000976830631525845 0.000751576298892278 0.000504311659225181 0.000503040473272835 0.000772455929952676 0.00102006379263477 0.00128535310010043 0.00103896405155166 0.000806258899405944 0.000735988759196477 0.000598721563078095 0.000644422330352176
0 0 0 0 0 0 0 0 0 0 0 0 0 0 0 0 0 0 0 0 0 0 0 2.24079572892001e-07 2.48674810732564e-06 8.17581114631846e-06 2.73264152864674e-05 7.01392849312412e-05 9.74703031303754e-05 7.21759148921274e-05 9.27388358176608e-05 0.000119192963234182 0.000219823128841144 0.000248234807913436 0.000250003206062598 0.000199674098676196 0.000190151619698228 0.000297179149997519 0.000374415349141429 0.000565746121120489 0.000844487846742407 0.000829306237334762 0.000835261989886192 0.000732151764035691 0.000558048424601243 0.0004862700702304 0.000799108039231735 0.00115900558970966 0.00132999698239179 0.00123838008529724 0.000909147700880575 0.000717168786000768 0.000678272671168032 0.000626856128962831
0 0 0 0 0 0 0 0 0 0 0 0 0 0 0 0 0 0 0 0 0 0 0 0 1.39645886487189e-07 3.44833439076401e-06 3.18764927576246e-05 0.000123654426133637 0.000132794224858599 8.9908860558955e-05 0.00012234947210549 0.000148341617977616 0.000170819654438364 0.000169196065329817 0.000155370950152855 0.000228143292716395 0.00026391233744243 0.000246895672505991 0.000419761896849232 0.00074004299323124 0.000873200353825578 0.000750360387869683 0.000832632124132824 0.000802378807478566 0.00067801920940656 0.000585926932275387 0.000802346830063226 0.00114363141736898 0.00142059343984806 0.00137446014446252 0.00112874157072202 0.00088263560220993 0.000768613061111399 0.000616408735764704
0 0 0 0 0 0 0 0 0 0 0 0 0 0 0 0 0 0 0 0 0 0 0 3.40998958482929e-08 8.28651652941429e-07 8.72667980523582e-06 6.21895019283849e-05 0.000111213976491064 0.000181644362441921 0.000244266753070947 0.000242506949144673 0.000261608243232416 0.000211280459826555 0.000143433237316247 0.000166256917368486 0.000220742805575993 0.000272048958451144 0.000265418296926422 0.000414621750638958 0.000720163337952785 0.00078263540511475 0.000718513602774231 0.000800102470864944 0.000777544850532804 0.000722676802201397 0.00073965337571281 0.000737755463371739 0.000992065028300645 0.0012474868776664 0.00119983392219051 0.00116958932355592 0.00100762565467125 0.000879344193166385 0.000824058984917516
0 0 0 0 0 0 0 0 0 0 0 0 0 0 0 0 0 0 0 0 0 0 0 3.23060114093225e-07 4.95411531184258e-06 2.97033893805654e-05 8.88948552100603e-05 0.000112676847699506 0.000227369235658426 0.000290307220686958 0.000284998918932635 0.000240123563222069 0.00022692889668278 0.000253057530090075 0.000218936207317865 0.000286810283197657 0.000361672014727555 0.000357649858341723 0.000429682385838956 0.000646568416094094 0.000699539902862323 0.000689029400336172 0.00073090189789789 0.000554853400200932 0.000565818747299207 0.000656841093079039 0.000619956441841237 0.00065833334105729 0.000852626110553211 0.00103587505213283 0.00110938687495948 0.00118898964251582 0.00111240763786122 0.00103073526685007
0 0 0 0 0 0 0 0 0 0 0 0 0 0 0 0 0 0 0 1.60247975107635e-07 3.67321743310324e-07 2.95667152316357e-07 6.65983941714447e-07 4.38788137295071e-06 2.16959242337619e-05 8.23482427318818e-05 0.000127552795892271 0.000151344702950805 0.000257139736900402 0.000297173948422698 0.000254936931432735 0.000192441031407768 0.00022729738714861 0.000301251148020859 0.000258469372723001 0.0002800493442549 0.000283569366924342 0.000308217884969049 0.00032329849840251 0.000543236024060198 0.000664812721417031 0.000615446453728733 0.000559805753144873 0.000497252510939621 0.000523852371690756 0.000549562823621589 0.000595542430282342 0.00068625288271675 0.000648204551529255 0.000759528345940313 0.00101136054423612 0.00110670416208152 0.00117473318146501 0.00113542922085732
0 0 0 0 0 0 0 0 0 0 0 0 0 0 0 0 0 0 4.6681638912453e-07 2.39719147737355e-06 5.51373604554899e-06 4.04031854027493e-06 3.21527139309674e-06 2.30735434397599e-05 5.41416099167202e-05 0.000108946140597 0.000133071529189199 0.000156089446412337 0.000281721375263144 0.000423394827988975 0.000245126979920652 0.000229927887736555 0.000277477972216706 0.000288807933798155 0.000270155898318876 0.000289605218175735 0.000281486700637227 0.000273874311555946 0.000271643448164003 0.00044299135082566 0.000618964125088799 0.000516867343687258 0.000563982965087784 0.000649615829715346 0.000622056141719923 0.000625500933901673 0.000725133958407036 0.000667066778633713 0.000601583641717156 0.00063892448932361 0.000780132484161639 0.000975812553503333 0.00109345729427529 0.00120853653409567
0 0 0 0 0 0 0 0 0 0 0 0 0 0 0 0 0 2.48169526399198e-07 3.11117339805825e-06 1.43070928718646e-05 2.61291488943403e-05 1.90049055918888e-05 6.01635760762138e-06 1.62457606018352e-05 7.12470260964493e-05 0.000127222247595434 0.000146823096956622 0.000134625973672023 0.000204015923077389 0.000310648508947783 0.000343615538308592 0.000239658316307933 0.000284750600307312 0.00034079825028997 0.000388718139055617 0.000362469414861982 0.000282185763776171 0.000214110388402717 0.000233792157555684 0.000449619172151225 0.000569476560551428 0.000537551927002337 0.000605814958590369 0.00070577795203353 0.000670333500786 0.000658974727769371 0.000770064268836096 0.000758025291400587 0.000662331958654318 0.000632002065212827 0.000608452360766079 0.000836824322038212 0.00126431161654165 0.00159090747873692
0 0 0 0 0 0 0 0 0 0 0 0 0 0 0 0 0 5.18938060727394e-07 7.93875381163098e-06 3.19658927543992e-05 3.84109616188921e-05 3.45092452981065e-05 1.80092435287636e-05 1.73899151518399e-05 3.87869389141378e-05 9.72884071295507e-05 0.000172743819867865 0.000172906636103215 0.000254519772655779 0.000367707075842693 0.000406772709493828 0.000252934702277657 0.000267669967196089 0.00039659587691954 0.00042326895392228 0.000336450830662821 0.000246072501097047 0.000243037123896023 0.000194182010972868 0.000409212187301618 0.000610490063876143 0.000595163186842466 0.000525810042217484 0.000581029061996724 0.000641473299715917 0.000544825238076171 0.000578005522778735 0.000608443381390374 0.000586652795369191 0.000590395987094551 0.000528189930143431 0.000740454443864835 0.00118249042751 0.00152761454950402
0 0 0 0 0 0 0 0 0 0 0 0 0 0 0 0 0 3.14992736019336e-07 5.00326696665186e-06 2.90454178979967e-05 5.53782321381962e-05 6.34726285784601e-05 8.42883929454919e-05 7.54730687553175e-05 7.34623982397635e-05 0.000123689487547284 0.000209269985507198 0.000250369166314168 0.000252875792617815 0.000238125038142415 0.000338572374865285 0.000317747639620867 0.000369035339594309 0.00051159131261666 0.000470905130799806 0.000271407931607927 0.000178158772819874 0.000132172774615984 0.000177810386334245 0.000311297708310299 0.000517786157711813 0.000640403142444273 0.000607325658961012 0.000614478529053028 0.000675313980566631 0.000531400610203548 0.000453966508264932 0.000424502738178317 0.000474596066597594 0.000584068080454373 0.000560830149936394 0.000613046770941645 0.000861949576672724 0.00141735162639097
0 0 0 0 0 0 0 0 0 0 0 0 0 0 0 0 0 8.69148716241754e-08 1.91541621416291e-06 1.79120488422545e-05 7.98585191180526e-05 0.000137165039745374 0.000129673875735844 0.00012963482107657 8.81140840148217e-05 0.000115619138321552 0.000168640458450887 0.000186674956493829 0.000189392158920635 0.000114427901610086 0.000167637618684681 0.000304799515216366 0.000452301266172612 0.000415619123356115 0.000397497224800482 0.000333343964264234 0.000182211973021097 0.00016215694950907 0.000305681091697491 0.000425165866110217 0.000377110351501062 0.000472429317990982 0.000577956171053281 0.000643407338765417 0.000636970320358759 0.000527229409860543 0.00056248415386471 0.000460202312737732 0.000493572067774841 0.000584408110724601 0.000532280791196021 0.000561049435784631 0.000657299378717091 0.00110463519675365
0 0 0 0 0 0 0 0 0 0 0 0 0 0 0 0 0 0 9.20047866894656e-07 1.31977545066313e-05 8.33821743529881e-05 0.000197356328321595 0.000229865816513059 0.000197447909752325 0.00011229199291379 9.94376970103882e-05 0.000114873594344482 0.000110613615735281 0.000103458396221999 9.31144914137166e-05 7.9609014875437e-05 0.000150865388620186 0.000268687162463044 0.000305221602234062 0.000372992126648734 0.000421981067660877 0.000305523946256193 0.000343926891446904 0.000502819076905763 0.000415144203707532 0.000269752099711677 0.000384794234130929 0.000499984636730203 0.000475317287241178 0.000478419746901468 0.000521643218766799 0.000538850255809055 0.000550562580655504 0.000469039516292696 0.000666516799409682 0.000670397916777785 0.000620112178409759 0.000761924751534229 0.00102926476649448
