simulations/projFolders/pop500/sim1/UDs_popWinter/averageUD_winter.asc
NCOLS 425
NROWS 420
XLLCORNER -993091.192708413
YLLCORNER 1721909.37164398
CELLSIZE 500
NODATA_VALUE -9999
[rows 100 to 124 of 420, columns 174 to 231 of 425]
0 0 0 0 0 0 0 0 0 0 0 0 0 0 0 0 0 0 0 0 0 0 0 0 0 0 0 0 0 0 0 0 0 0 0 0 0 0 0 0 0 0 0 0 0 0 0 0 0 0 0 0 0 0 0 0 0 0
0 0 0 0 0 0 0 0 0 0 0 0 0 0 0 0 0 0 0 0 0 0 0 0 0 0 0 0 0 0 0 0 0 0 0 0 0 0 0 0 0 0 0 0 0 0 0 0 0 0 0 0 0 0 0 0 0 0
0 0 0 0 0 0 0 0 0 0 0 0 0 0 0 0 0 0 0 0 0 0 0 0 0 0 0 0 0 0 0 0 0 0 0 0 0 0 0 0 0 0 0 0 0 0 0 0 0 0 0 0 0 0 0 0 0 0
0 0 0 0 0 0 0 0 0 0 0 0 0 0 0 0 0 0 0 0 0 0 0 0 0 0 0 0 0 0 0 0 5.73820179826917e-08 2.41574452946498e-07 2.8692191698256e-07 1.06001243689085e-07 0 0 0 0 0 0 0 0 0 0 0 0 0 0 0 0 0 0 0 0 0 0
0 2.1779764209846e-08 3.37044657484218e-08 1.51571130111424e-08 0 0 0 0 0 0 0 0 0 0 0 0 0 0 0 0 0 4.15410431723905e-08 1.86012272016334e-07 3.15129378563814e-07 2.07071265313036e-07 4.66337332888921e-08 0 0 0 0 0 9.84536090938782e-08 8.43407469764456e-07 3.46742360837386e-06 4.13335300963793e-06 1.75767636384524e-06 4.3897310386341e-07 9.27878645557088e-08 0 0 0 0 0 0 0 0 0 0 0 0 0 0 0 0 0 0 0 0
2.11369173475544e-07 6.77483912993184e-07 9.64039703788615e-07 3.91376845055716e-07 4.86284770864995e-08 0 0 0 0 0 0 0 0 0 0 0 0 0 0 0 4.02182631642538e-08 6.16042874726341e-07 2.9388049150454e-06 5.12066995702481e-06 3.44126089460892e-06 7.36521964394643e-07 0 0 0 0 5.65007321686278e-08 8.01313843077144e-07 5.19700301788208e-06 1.68148353688463e-05 2.33647283156356e-05 1.25951906660612e-05 4.96469018958993e-06 1.7973976208968e-06 3.07303242139021e-07 0 0 0 0 0 0 0 0 0 0 0 0 0 0 0 0 0 0 0
3.0862197744232e-06 7.69377872313944e-06 1.08287082980274e-05 3.25450533986658e-06 4.01938974373965e-07 1.80398619696701e-08 0 0 0 0 0 0 0 0 0 0 0 0 0 0 1.59242321380851e-07 2.80198943788883e-06 1.99874918899077e-05 3.26442234203742e-05 2.06389967343061e-05 3.62615450269403e-06 0 0 5.04334784614526e-08 1.81277544462519e-07 5.07958640787729e-07 2.58518988255201e-06 1.18543123821163e-05 1.9210785626519e-05 2.15680524697341e-05 2.59594283986578e-05 2.91264783578203e-05 1.41082666808113e-05 2.0804735831e-06 1.1019902739887e-07 0 0 0 0 0 0 0 0 0 0 0 0 0 0 0 0 0 0
1.66575089089686e-05 3.56945060177817e-05 3.20673733935537e-05 9.78650432036925e-06 1.18405988900364e-06 5.20182511513493e-08 0 0 0 0 0 0 0 0 0 0 0 0 0 0 1.9872929259725e-07 3.64635721764299e-06 2.56304126221573e-05 5.35865649557353e-05 2.70008258509664e-05 4.80017624774294e-06 0 1.13955909905127e-07 9.27615736104669e-07 3.07802343727502e-06 6.07270188602879e-06 7.73677322979467e-06 1.35576222085942e-05 6.48691831128039e-06 6.808645091651e-06 2.62125823635238e-05 5.89343793664246e-05 2.9550546778927e-05 3.75488959236296e-06 1.86889810712227e-07 0 0 0 0 0 0 0 0 0 0 0 0 0 0 0 0 0 0
3.68742160482854e-05 8.89594703873552e-05 4.61456775644958e-05 1.31848826998625e-05 1.34250870899903e-06 5.10168538289957e-08 0 0 0 0 0 0 0 0 0 0 0 0 0 0 1.10867593316135e-07 2.19058175561614e-06 1.56354457133082e-05 4.49232868830444e-05 2.03096121540661e-05 3.48523049599973e-06 0 5.76182734195842e-07 6.2567535785065e-06 1.81512013069741e-05 3.73436398787739e-05 2.37110704173135e-05 1.03094661603797e-05 2.10278457952715e-06 1.96957821017769e-06 1.48352533572338e-05 4.68792952576493e-05 1.78495831779724e-05 2.48332461331278e-06 1.19171367254447e-07 0 0 0 0 0 0 0 0 0 0 0 0 0 0 0 0 0 0
4.39054965953562e-05 7.6608061787092e-05 6.3762173053794e-05 1.42287043848327e-05 1.1225402121869e-06 3.24005268325262e-08 0 0 0 0 0 0 0 0 0 0 0 1.27346356742994e-07 2.82890017830414e-07 2.71999073435679e-07 1.72067724626383e-07 1.37041683768405e-06 1.01557532320914e-05 1.20099410409406e-05 5.22923795483326e-06 1.04071700475251e-06 0 6.65462866861865e-07 7.45829287883571e-06 3.17380093024103e-05 5.43749406909835e-05 3.37870269998927e-05 7.74793978746381e-06 8.95842211281538e-07 1.61756621666578e-06 9.76700056301251e-06 2.13527735313309e-05 9.66334994839782e-06 1.1933220084231e-06 5.24189235852295e-08 0 0 0 0 0 0 0 0 0 0 0 0 0 0 0 0 0 0
2.45293583710118e-05 3.07965297238375e-05 2.56138946849747e-05 8.04444774949881e-06 6.54688046750647e-07 1.79957132778586e-08 0 0 0 0 0 0 0 0 0 0 3.34569835089312e-07 2.13341671032747e-06 4.59320517236625e-06 4.22250432875035e-06 1.49701721959673e-06 1.09672313551244e-06 7.13670207156099e-06 1.09763275827103e-05 3.47114796734959e-06 3.43628780668367e-07 0 2.32373538882481e-07 3.05775925503614e-06 1.88503731033844e-05 3.05174291120439e-05 1.89674515268793e-05 2.92212236659769e-06 5.4802722295195e-07 4.25108708422533e-06 2.3258231579233e-05 1.516543235563e-05 3.66853084399039e-06 4.36107366093783e-07 2.49690747284974e-08 0 0 0 0 0 0 0 0 0 0 0 0 0 0 0 0 0 0
4.17183805238707e-06 4.07365430128513e-06 3.50029487147411e-06 1.35752023191731e-06 1.39980940724145e-07 0 0 0 0 0 0 0 0 0 0 0 1.89537066026624e-06 1.26488106319697e-05 2.37674936641715e-05 2.23272312422693e-05 6.57737487898109e-06 1.23937381426001e-06 6.09292509007439e-06 1.58624034367966e-05 4.93423594140135e-06 4.74750762784432e-07 0 3.71821988648656e-08 6.11272000215101e-07 3.68380965648757e-06 7.6011004854371e-06 3.97277995926525e-06 6.96894363469483e-07 8.36050370671283e-07 7.29481968996581e-06 2.46414504934425e-05 1.51652563356634e-05 4.32443665321495e-06 1.31896301166864e-06 1.44359888502557e-07 0 0 0 0 0 0 0 0 0 0 0 0 0 0 0 0 0 0
2.77014303707424e-07 2.20770481964162e-07 1.79515918708881e-07 7.43756972919055e-08 0 0 0 0 0 0 0 0 0 0 0 0 3.25651653096637e-06 2.06772293886376e-05 3.62349264307751e-05 2.79254242765524e-05 8.34283605181187e-06 1.20240298560181e-06 4.5366329138963e-06 1.64317078881179e-05 7.21249682797016e-06 1.09076534858757e-06 0 0 4.52129570456331e-08 2.80840351466758e-07 5.77156140909255e-07 3.56344942686285e-07 2.15227410071363e-07 2.27170577262767e-06 1.14408638323275e-05 1.86637137076979e-05 1.34242875495601e-05 1.6801431774353e-05 5.52330678304544e-06 5.39587112119869e-07 0 0 0 0 0 4.22400917140788e-08 2.4174682038237e-07 3.31243150852932e-07 8.66794653082272e-08 0 0 0 0 0 0 0 0 0
0 0 0 0 0 0 0 0 0 0 0 0 0 1.47690752776587e-08 3.5525066776499e-08 2.37502099470019e-08 1.75606086842432e-06 1.3018166645788e-05 4.20321263354385e-05 4.55139093080978e-05 1.19710220018717e-05 2.46804952610589e-06 3.81454243307896e-06 1.33309736842006e-05 1.60089824341637e-05 3.9963345041601e-06 4.0159805210401e-07 0 0 0 0 4.60376613753128e-08 3.63286759222689e-07 4.19961707648019e-06 2.13706269850855e-05 2.57314443576923e-05 2.3715235291867e-05 2.18049287786416e-05 7.3697455224129e-06 7.55540793728332e-07 4.11364861047403e-07 1.50328164447928e-06 2.59842467482864e-06 2.11158115407465e-06 1.05291325594318e-06 9.10184520722324e-07 2.34421668563889e-06 3.88174550590703e-06 5.9741566653526e-07 3.45500702663474e-08 0 0 0 0 0 0 0 0
0 0 0 0 0 0 0 0 0 0 0 0 2.88359660758974e-08 2.90397874765346e-07 7.84648524097065e-07 5.63304463842287e-07 5.12968981615957e-07 4.80065587886885e-06 2.80465148376986e-05 4.85957153120094e-05 2.17551272352888e-05 1.49000966914886e-05 1.53758618973874e-05 3.8323737679224e-05 3.93917746824557e-05 1.492437347704e-05 2.70041148166385e-06 2.03260744447249e-07 0 0 1.96534645502181e-07 8.37717147041467e-07 2.32458696690394e-06 7.09120370416402e-06 2.69892662751708e-05 5.96016906175587e-05 4.359645396279e-05 2.48264297832044e-05 5.6441118938225e-06 1.03672349355274e-06 4.60497476140243e-06 1.56565122299451e-05 2.80581582325259e-05 2.28981338431286e-05 1.20353382075492e-05 1.03392824526047e-05 1.09295072029187e-05 7.00398953600671e-06 1.0902213397887e-06 1.63073549622006e-07 9.89592081125079e-08 2.56001494551676e-08 0 0 0 0 0 0
0 0 0 0 0 0 0 0 0 0 0 0 1.3373557885054e-07 1.74734625026338e-06 6.1347922307531e-06 4.83491877072615e-06 1.23829068610578e-06 2.17027124007918e-06 1.52601832517221e-05 3.38388793155547e-05 4.27495501916653e-05 4.96891997732688e-05 5.59859201287406e-05 7.39985331860374e-05 7.37365186181969e-05 2.29596626003405e-05 4.5578777788062e-06 2.79205763933058e-07 2.25196454256633e-08 2.76827253389086e-07 2.3783126379247e-06 9.08756721724776e-06 1.88357848665763e-05 2.77460347848831e-05 3.54887954875097e-05 5.85612505648568e-05 2.90348641561594e-05 8.03917180711384e-06 1.68944615863273e-06 2.26445635770718e-06 2.27598417540301e-05 6.59499764413396e-05 9.43327099043304e-05 7.46972784367085e-05 5.95202855739603e-05 5.83513230059672e-05 4.21267934124988e-05 1.20747769246147e-05 1.70301331665316e-06 1.86009693416956e-06 1.48406089276989e-06 3.43847408642748e-07 2.27019827424561e-08 0 0 0 0 0
4.16351067524226e-08 0 0 0 0 0 0 0 0 0 0 0 1.44426579930046e-07 2.03675939692526e-06 8.97660199513236e-06 1.38937495642741e-05 5.71504794036011e-06 2.71880696515685e-06 1.3652108609075e-05 3.35990041479571e-05 6.14175647470125e-05 7.11111575333745e-05 0.000115783207113411 0.000138442441815001 7.54228383269468e-05 1.90888084462818e-05 2.282398519937e-06 1.69396342236538e-07 3.73381160881688e-07 2.2359306457399e-06 1.07177253807831e-05 3.67164462788622e-05 6.92491009800927e-05 4.80498336234386e-05 2.84438952791083e-05 2.38212607790468e-05 8.861840702203e-06 1.50843814474406e-06 1.06615026011092e-06 4.86005889230422e-06 2.36039608706568e-05 7.00908452241543e-05 0.000147155106061176 0.000172688826910996 0.000109580121929587 0.000101550340647993 8.55945274196117e-05 2.10948474695928e-05 3.97643586603174e-06 2.73119546460996e-05 7.95524381066092e-06 1.82172271880679e-06 1.54668756288183e-07 0 0 0 0 0
5.21566485963141e-07 3.17980229724163e-08 0 0 0 0 0 0 0 0 0 0 3.81567770074545e-08 5.41360466717181e-07 3.44279943950211e-06 1.24237928534042e-05 1.78831648073664e-05 8.23994167112773e-06 1.67555101208459e-05 4.28228601794455e-05 6.39242380829312e-05 8.70383456311036e-05 0.00018485392629286 0.000208338648071649 0.000102475099261062 2.51902751613489e-05 4.34948690216457e-06 8.98710044526957e-07 2.45782453555964e-06 1.19971940288624e-05 2.76778582471339e-05 4.5637186614649e-05 5.69156631802285e-05 3.39090190812911e-05 8.9089022945414e-06 3.49542614988488e-06 1.15248805372556e-06 7.9938693667035e-07 5.77686307926363e-06 1.98246110221952e-05 5.78499808882028e-05 7.32924267617368e-05 0.000159878283732048 0.000186820387832042 0.000131645843380852 8.73386189303076e-05 6.47808983893471e-05 2.59626917529592e-05 8.27814545445935e-06 1.88656188539302e-05 1.82654000810684e-05 6.12825527760216e-06 8.7342137699825e-07 4.02106124948229e-08 0 0 0 0
2.32482771378946e-06 1.40753341832518e-07 0 0 0 0 0 0 0 0 0 0 0 6.65050029026854e-08 7.84845149575622e-07 5.10315550468736e-06 1.64469610892443e-05 1.85083914540006e-05 3.56814265235443e-05 7.0157155391464e-05 0.00010101704299005 0.000139614835375358 0.00017720846831018 0.000145904749625455 7.6762743290858e-05 3.46502065643307e-05 1.7629805951534e-05 5.23892696923784e-06 5.35059254592932e-06 2.03083343794938e-05 2.24117413153314e-05 2.37455945451529e-05 1.79120060048558e-05 7.6551763337459e-06 1.47045892656823e-06 2.53973208589469e-07 9.42657861700671e-08 1.20806833723827e-06 1.39719983556673e-05 4.07500416022472e-05 6.37540146680407e-05 6.595198064752e-05 0.000113101012999798 0.000124816097313628 7.13733136622463e-05 3.94052863103676e-05 5.41066303825389e-05 4.42172996680334e-05 2.61867810029178e-05 3.7246480582504e-05 5.72224780891963e-05 1.79753769181202e-05 2.03660945399076e-06 9.13543335587527e-08 2.41993275256646e-08 0 0 0
2.95529817217983e-06 1.91778904982777e-07 0 0 0 0 0 0 0 0 0 0 0 0 1.05802246248346e-07 9.37546195886712e-07 4.61938511559882e-06 2.34844945360807e-05 7.12043419448961e-05 9.48171615558823e-05 0.000138135403388615 0.000153048530214244 0.000110549032683272 7.02877566187417e-05 6.15540854605742e-05 5.23429661966157e-05 3.71117107553825e-05 1.84960216275651e-05 5.87276229609014e-06 4.80913789921678e-06 4.50087431798422e-06 4.97072841950219e-06 3.90188256261448e-06 1.24268047506104e-06 1.53717119239951e-07 6.85697304986017e-08 1.55049929155658e-07 1.05219369283899e-06 1.14314500237437e-05 5.22767342604023e-05 7.96002745593296e-05 8.06838870012985e-05 6.7460939285168e-05 5.38537763035419e-05 3.82455922646366e-05 2.64328457403461e-05 5.64440675054961e-05 8.20797532760707e-05 5.51098622357414e-05 2.97056585537224e-05 2.61065382498925e-05 9.81707498387965e-06 1.18237466080494e-06 2.67830531799545e-07 7.07128900072125e-07 5.6536676126836e-07 1.14329850470734e-07 0
1.48944719687994e-06 9.30561291129319e-08 0 0 0 0 0 0 0 0 0 0 0 0 0 9.16858771193435e-08 1.62930262733525e-06 1.72544103108197e-05 8.54025781117016e-05 0.000161163419477994 0.000136380702251149 0.00010998877882473 3.78121547384297e-05 3.75206805749103e-05 6.79730698436362e-05 6.13136440488512e-05 4.57288846353416e-05 2.65738461154916e-05 1.12662510941431e-05 1.35662488167718e-06 9.07693058212354e-07 5.51664922362109e-06 8.64562392196722e-06 2.05703917881727e-06 3.90362867602648e-07 1.38748274178652e-06 3.25644807875714e-06 3.6172803955422e-06 1.71166025094599e-05 7.32493251529855e-05 0.000136380314820958 0.000154915750019879 8.01241621339793e-05 6.52636215062006e-05 9.3620672817875e-05 6.50753676862664e-05 6.58662617177562e-05 6.89025968282868e-05 4.24471423011203e-05 3.01285441951594e-05 1.71767044804875e-05 3.25509929083851e-06 3.89085907937585e-07 1.86283362555494e-06 7.2958017696207e-06 5.42654376453101e-06 9.50474466620989e-07 5.94759512724701e-08
7.246157619783e-07 3.16814730453786e-08 0 0 0 0 0 0 0 0 0 0 0 0 0 1.90053269753476e-08 9.9260953716287e-07 1.27465762192357e-05 6.84730112522483e-05 0.000135597407811868 0.000119003787631515 6.10532835099032e-05 2.27265357961181e-05 4.00562509876728e-05 6.50162696809742e-05 5.91537393603496e-05 3.25388908371898e-05 1.3280013575565e-05 4.37876395861889e-06 5.92518073946217e-07 9.64515551416561e-07 6.64042308897334e-06 1.22263692314008e-05 2.64713075000309e-06 1.95456156498525e-06 9.59326140540307e-06 2.50821970392147e-05 1.85561627141409e-05 3.52207981034501e-05 0.000118480868632343 0.000168998897068209 0.000173843041054698 0.000121168911451725 0.000112219355995481 0.000105202905829087 8.30074995719588e-05 6.93793743818242e-05 4.61326353231614e-05 1.93582233032998e-05 1.82116460047091e-05 6.03701965856784e-06 8.47245508301938e-07 3.41210048630706e-07 4.39884280766543e-06 2.3125492035324e-05 1.61726362996131e-05 2.95419059680801e-06 5.25140203512427e-07
5.27584052155771e-07 1.76673947854801e-08 0 0 0 0 0 0 0 0 0 0 0 0 0 7.74064756080873e-08 2.32509244223129e-06 1.66908558450738e-05 6.00536353859676e-05 7.73427113856582e-05 6.9142639633948e-05 7.04685449569181e-05 2.95549165444469e-05 2.49527841795421e-05 3.04560679928955e-05 2.16559376558064e-05 1.48146431886585e-05 4.86551318296221e-06 7.7102001520203e-07 3.23364307391184e-07 1.99533905825171e-06 1.05656571681614e-05 8.58998391739442e-06 3.44052072599277e-06 6.33937027277442e-06 2.43247356255069e-05 4.09510843437754e-05 6.86207860678012e-05 6.19132108959107e-05 0.000136865407222441 0.000185951963058864 0.000200819805255628 0.000150648519390146 0.000142414033406661 5.79197071467161e-05 5.80517835889519e-05 5.05016967631984e-05 1.8057323991457e-05 5.13331079832951e-06 2.55116308096735e-06 8.93659889658666e-07 1.12936933869178e-07 4.0089068350479e-07 4.66436799595077e-06 1.62165258072625e-05 1.56894400708917e-05 9.76727902846231e-06 5.01049309946879e-06
4.63316275252111e-07 0 0 0 0 0 0 0 0 0 0 0 0 0 0 1.70084793345962e-07 6.05518836501392e-06 3.09308301643814e-05 3.59092652781882e-05 2.62650437641496e-05 3.85105237347807e-05 7.53374621238904e-05 3.07257771478471e-05 8.5262823846161e-06 7.34317116406999e-06 3.59510211258193e-06 2.00869794926141e-06 1.00370415016313e-06 1.3550901784896e-06 3.10020847232396e-06 7.06100370703829e-06 2.14282013466457e-05 1.30953257897689e-05 1.65927372865521e-05 1.86699498436572e-05 3.34027744814942e-05 3.93705330771748e-05 5.82484826419923e-05 0.000108258917922974 0.000185876935712257 0.000216807693233477 0.000192270413032646 0.000181873053304291 0.000122213602060657 5.03207407869586e-05 3.95735651237223e-05 3.83360050601763e-05 1.92340183994643e-05 4.73426235818872e-06 4.70728788038471e-07 4.03260528383244e-08 0 1.12647854252413e-06 5.9969667342644e-06 1.98254063716739e-05 2.53503192204992e-05 2.94369086610226e-05 2.25975699712814e-05
4.9258157375893e-07 0 0 0 0 0 0 0 0 0 0 0 0 0 0 2.50703131303325e-07 6.02745357874309e-06 2.71482039231025e-05 3.5893514750807e-05 1.79797094307371e-05 2.05612890413288e-05 3.40306274577887e-05 1.4090909621989e-05 2.17221793709068e-06 9.82214347416113e-07 1.75331765778091e-06 2.47196760017713e-06 3.81580088270785e-06 1.02564934636605e-05 2.40767002095108e-05 2.56531573820736e-05 4.77979183175968e-05 2.94423773871805e-05 6.99104368655883e-05 4.25953939538314e-05 2.76820491987195e-05 4.28621545415119e-05 7.39523917404027e-05 0.000120294362301296 0.00020786884426155 0.000263653099525283 0.000169519349925204 0.00014249408244459 9.90685448006863e-05 4.24251668136507e-05 4.61596362272435e-05 3.96434776467505e-05 1.45928151899109e-05 3.2173735088183e-06 2.39840359416471e-07 0 0 3.8803785571982e-06 1.72036588184409e-05 2.61880420136838e-05 2.74888202535919e-05 2.11321823289623e-05 1.52655560516548e-05
