simulations/projFolders/pop500/sim1/UDs_popWinter/averageUD_winter.asc
NCOLS 425
NROWS 420
XLLCORNER -993091.192708413
YLLCORNER 1721909.37164398
CELLSIZE 500
NODATA_VALUE -9999
[rows 175 to 199 of 420, columns 174 to 231 of 425]
8.78376662692482e-05 0.000120365232223931 0.000129520863288897 7.88267850841134e-05 7.4907302853146e-05 3.44285033628081e-05 4.72867395707999e-06 3.21536674150073e-07 5.52978424796693e-07 8.0709969621322e-06 3.92563790065641e-05 4.6463575212101e-05 3.28291617319429e-05 2.00998838982074e-05 5.66131295611361e-06 1.68168870724781e-06 2.89106566911868e-07 9.53076450927113e-08 3.46073560634286e-07 1.07142073097576e-06 6.24059559749892e-06 1.72653496257807e-05 1.81767456225495e-05 2.57487688202246e-05 3.13808545456416e-05 4.04169484955152e-05 4.54212091843149e-05 1.85835808507363e-05 4.52718837166754e-06 7.8874984752638e-06 2.49327234912858e-05 6.22376948567634e-05 4.37883213143135e-05 1.75265967838197e-05 2.00717635443907e-05 3.11657246188503e-05 4.12418320756867e-05 9.10657942254964e-05 0.000118163630361121 8.95811170300128e-05 5.48018552338781e-05 5.80987185214202e-05 9.2010281975985e-05 7.99834579194125e-05 5.6521132585897e-05 4.68909256139606e-05 9.81618091420806e-05 7.57824853029251e-05 4.13478463869956e-05 4.48751784841322e-05 5.24858795083293e-05 3.1083995474996e-05 2.69012767809701e-05 4.53825481215992e-05 5.85364960108246e-05 9.75456610279034e-05 0.000122442692512841 5.71851544056977e-05
8.80458429416977e-05 0.000120010361070115 0.000148059383028185 0.000122579745942916 6.78927004307407e-05 3.30843552932472e-05 1.02287549520994e-05 1.00737356110696e-06 3.69633577049261e-07 4.42404719050114e-06 1.76972299806429e-05 1.80398449293774e-05 1.90470553926185e-05 2.12159529319001e-05 9.31663811165782e-06 2.16834782613204e-06 1.87129102406232e-07 0 0 1.30290194641648e-07 1.22753798490571e-06 3.4677775109522e-06 6.18267897489257e-06 1.74118913702448e-05 4.15647663157752e-05 6.69685974687643e-05 2.72590462106381e-05 1.15091037000117e-05 1.15122599522169e-05 2.5280481203277e-05 4.82214391210297e-05 6.45451471181097e-05 5.25898076570712e-05 1.19490604842407e-05 7.25808646497944e-06 1.77373662583168e-05 3.58731150611336e-05 5.65643981074214e-05 5.86672946784882e-05 5.8724090454376e-05 4.20983917992646e-05 7.2848588225017e-05 8.85891243776402e-05 6.58389627904503e-05 4.19872179608925e-05 2.58645191777281e-05 6.10769502791683e-05 7.50472322073306e-05 6.96425139873348e-05 0.000102462284262436 0.000106221362943739 0.000100741885598037 8.51392522416761e-05 7.7095687385978e-05 5.21474145329872e-05 6.13958872827667e-05 7.15731978384918e-05 6.79544806450477e-05
0.000104713283474602 0.000108234129841329 0.00013417036830788 0.000113672502333879 7.41002932158257e-05 7.10667893259218e-05 2.23994739343791e-05 2.64781806606313e-06 6.69875764258503e-07 3.05505259880378e-06 1.50879872956187e-05 9.88220889077767e-06 1.71648543320486e-05 2.86936126636741e-05 1.8634054808988e-05 4.71757026368462e-06 3.94333823333821e-07 0 0 0 2.48432712385664e-07 2.83895945163978e-06 1.1233917436999e-05 2.46516745526661e-05 2.94875837849504e-05 3.06451860801789e-05 2.38389614958992e-05 2.13539693495166e-05 2.60856226075127e-05 3.78219932301075e-05 5.21686077094942e-05 4.04025353473511e-05 1.72052942208818e-05 4.1106035931088e-06 6.36722240568965e-06 2.27324310680152e-05 5.02308569826413e-05 6.47570863337604e-05 4.13708947580712e-05 2.29230336834824e-05 2.1940121426212e-05 4.51413579265262e-05 7.37968981233517e-05 5.59685863529826e-05 4.51329424957423e-05 2.58680861431887e-05 4.10972088557262e-05 3.53448055668999e-05 5.99703155431559e-05 0.000101561658079919 0.000141776159399464 0.000131059303873965 0.000113788329059834 9.33274626690766e-05 6.49128556222934e-05 5.05704209186214e-05 8.90637710651269e-05 8.62440466842811e-05
0.000110860832030659 9.08866375644706e-05 8.40188488327213e-05 6.29278495880066e-05 5.55572323476639e-05 8.14691632950185e-05 3.1678847967183e-05 1.04388808826975e-05 7.2489380833294e-06 4.49075736085662e-06 9.84975229905375e-06 1.7620950936495e-05 1.77565421901273e-05 2.35270950932869e-05 1.43711278208721e-05 3.400113899111e-06 2.75784492247698e-07 0 0 0 1.6224880527456e-07 2.41935066868139e-06 8.94455611666383e-06 1.14949038247171e-05 7.8657660629861e-06 5.58628374686074e-06 5.94061193961561e-06 8.08703619951153e-06 1.07291713352246e-05 1.23527171084804e-05 1.62342637770178e-05 9.56144463228788e-06 2.70146620447956e-06 1.61138246760125e-06 9.79459099428428e-06 2.40201260883957e-05 4.68606427291257e-05 7.7192410823283e-05 6.7791260775918e-05 4.23320308309029e-05 1.47706372656873e-05 2.74209436017118e-05 5.69862797831231e-05 7.7346056696346e-05 6.45106732816892e-05 3.9543725548433e-05 4.79391068199023e-05 2.42262743402778e-05 4.33917194585761e-05 9.12647768814897e-05 0.000119338430459011 0.000109572641546668 9.76135879712025e-05 7.65914320912004e-05 6.09631240341038e-05 4.22705970685937e-05 7.81764760579008e-05 9.05118361075589e-05
0.000130906090134577 8.4386169906714e-05 6.52209371299627e-05 5.12697398639985e-05 6.67130276531399e-05 7.59617835249821e-05 5.90727888021676e-05 4.78908419587976e-05 4.7677643595026e-05 2.28341929604486e-05 2.22621578713387e-05 2.87711936967813e-05 1.82692650697529e-05 7.62689392980122e-06 3.33791552096804e-06 7.58177076898648e-07 6.35808537453348e-08 0 0 0 3.35368895306381e-08 3.91842360823851e-07 1.25622563058565e-06 1.41426210751116e-06 7.71223567392235e-07 4.26749611487442e-07 5.44560374668097e-07 8.01563379319469e-07 1.0412082774106e-06 1.38489401427517e-06 1.82219850822708e-06 9.79278352999767e-07 3.95977403951131e-07 2.96060089008881e-06 1.52154797681425e-05 3.20387892410948e-05 4.39907498638327e-05 6.00962266299481e-05 4.72465231993846e-05 3.77844274027394e-05 2.48420704145218e-05 3.99169214052262e-05 5.57336024915466e-05 6.3735060391003e-05 0.000109130918974838 4.95706610359769e-05 2.77772396790667e-05 1.25215537840573e-05 2.04937309017692e-05 4.89397086181542e-05 6.84196650951767e-05 8.35373774134081e-05 7.75953829254305e-05 5.05081489659951e-05 5.51843903934491e-05 4.9874082205483e-05 8.37121233307206e-05 0.000109401166434238
0.000136969372624086 7.14289396969805e-05 6.00255355212476e-05 5.49544915532702e-05 8.49744677506212e-05 0.00010590042173396 0.000127042144531376 0.000102768473322633 7.76738896931768e-05 6.71018362015732e-05 4.83102761187732e-05 3.12122441814503e-05 1.26935224974525e-05 1.86860689419473e-06 3.24004882699509e-07 6.20452992707171e-08 0 0 0 0 0 0 0 0 0 0 0 0 0 0 0 0 3.94642964220919e-07 6.41166092799675e-06 3.24508286998284e-05 3.58210802062469e-05 6.96204081147047e-05 4.41938750426377e-05 2.34503690143031e-05 3.34826819583927e-05 4.25270684044703e-05 2.44134515513157e-05 3.88275943679397e-05 8.41380506716862e-05 7.73544162477754e-05 4.08863723260037e-05 1.20906950900594e-05 4.96389251180481e-06 1.05777671555986e-05 2.0429538561994e-05 4.59753908196703e-05 9.46292802649779e-05 9.13286879618472e-05 5.31996898329668e-05 4.84716519692052e-05 5.01114875056129e-05 4.70826849320655e-05 4.35923822204939e-05
0.000112110219890902 4.53537963310769e-05 3.33089940235249e-05 5.81362359200143e-05 6.95229172675982e-05 0.000129845440382007 0.000149732068174443 0.000132262527936832 6.60383105248928e-05 5.90698532734125e-05 4.65549081543444e-05 3.09218615279883e-05 6.38247095020315e-06 5.84250956282363e-07 2.64918617164922e-08 0 0 0 0 0 0 0 0 0 0 0 0 0 0 0 0 0 2.20601577884114e-07 3.23409493998349e-06 1.51215773069159e-05 4.27858121674289e-05 1.69369447968891e-05 1.52268763624875e-05 1.68638341121398e-05 2.50088460732412e-05 2.92425062494511e-05 2.04688180228993e-05 4.07807454448857e-05 7.579790800476e-05 8.60662907324076e-05 7.40294530955133e-05 2.76106204825399e-05 1.534907612882e-05 1.34503645816481e-05 1.88361220053482e-05 5.3858049211514e-05 8.95540192683829e-05 0.000112441308791453 5.0251796839408e-05 2.87719685571634e-05 2.16844957312331e-05 1.22442934656711e-05 7.6061370779204e-06
6.75016120046448e-05 3.30380946383229e-05 2.0726002751868e-05 2.89961937802179e-05 4.10634055715594e-05 7.12728351323206e-05 9.95210781649624e-05 9.25742313225025e-05 6.01097233566988e-05 2.74368226516083e-05 2.05329228183524e-05 1.84121020130154e-05 4.85731800996724e-06 3.61898710236777e-07 0 0 0 0 0 0 0 0 0 0 0 0 0 0 0 0 0 0 3.91795692831716e-08 6.71081128500646e-07 5.01901051007456e-06 1.58831290893711e-05 1.18061471725271e-05 3.50551097638366e-06 3.34369041942234e-06 6.55704038188783e-06 8.47098976336361e-06 1.13956034178483e-05 4.22470830362308e-05 8.13719853722971e-05 0.000108300782735346 0.000126282691950004 6.96384906738126e-05 2.49909814436157e-05 8.54167062751579e-06 1.07539631421598e-05 3.29638868555809e-05 0.000103778719897468 0.000122627362603508 5.36139793670405e-05 1.74099262796125e-05 4.5642731709258e-06 1.34553515812044e-06 5.7289237153987e-07
3.43671515568855e-05 1.44243407988155e-05 1.19724953541847e-05 1.71795263878885e-05 2.41382531811096e-05 2.25033313026053e-05 4.32456098477866e-05 3.56200113876866e-05 2.00458634635917e-05 6.04861509028258e-06 3.86072415841502e-06 4.51648840660825e-06 1.44969485693745e-06 1.32560031482699e-07 0 0 0 0 0 0 0 0 0 0 0 0 0 0 0 0 0 0 0 1.65032484794217e-07 2.25614313957589e-06 1.06636825944257e-05 1.10792713234909e-05 2.48406454909827e-06 5.70682575901048e-07 6.79056975029302e-07 9.68346546827073e-07 4.08711098116516e-06 2.70528811949497e-05 6.96528032391387e-05 8.18085297906128e-05 9.2679589982719e-05 5.65068349217321e-05 2.75455396610287e-05 3.73229430971992e-06 3.08422255316203e-06 2.69620586174772e-05 0.000110899597401503 0.000134576216334137 8.21224227511474e-05 3.13333198414353e-05 4.57569910193197e-06 3.16424528122912e-07 0
3.65517474694842e-05 2.16207746406807e-05 2.88892518716247e-05 3.83045412583169e-05 2.90044266717772e-05 6.96302764087048e-06 4.67676017412806e-06 4.22954373043028e-06 2.10882537057648e-06 5.64293761247128e-07 3.1453033442155e-07 4.04591904935302e-07 1.55571862699131e-07 0 0 0 0 0 0 0 0 0 0 0 0 0 0 0 0 0 0 0 0 1.63783115560426e-07 2.9320942702343e-06 1.86205748460436e-05 1.9810495897255e-05 7.28378910539255e-06 3.11291078091858e-06 1.85891031279423e-06 8.07055795995361e-07 1.90212577573028e-06 1.25784082332674e-05 3.34311127647934e-05 3.89064811152964e-05 4.86653298118137e-05 3.94509807211666e-05 1.70591734342214e-05 4.39998647178701e-06 1.18537782686198e-06 1.32544133806351e-05 5.57935014342529e-05 5.29624633467711e-05 3.76000553352961e-05 2.35086865712778e-05 3.47515870801699e-06 2.16843807711028e-07 0
5.60595840190991e-05 2.77826152729672e-05 2.82677449273533e-05 4.07358109933077e-05 2.94386185692695e-05 4.50187269578417e-06 3.49559995796036e-07 0 0 0 0 0 0 0 0 0 0 0 0 0 0 0 0 0 0 0 0 0 0 0 0 0 0 1.03114885855581e-07 1.88672228242342e-06 1.38633986928913e-05 2.7015307917001e-05 2.11502574374897e-05 1.45771400996582e-05 1.39269568019932e-05 4.27627563457727e-06 5.25648100278471e-06 2.51322984684365e-05 4.53466065208012e-05 5.97286298844732e-05 2.86699552076348e-05 2.84771546708915e-05 2.00344342729566e-05 7.17876385865778e-06 6.11656403607756e-07 2.66620260651587e-06 7.59123451974334e-06 6.93414499952649e-06 4.99720871426506e-06 2.97614466385846e-06 6.7331665192559e-07 3.83727056015611e-08 0
5.14211617387534e-05 3.27887013540131e-05 3.15935201929005e-05 2.63184588390917e-05 1.67186502359894e-05 6.51786755741736e-06 1.9577429629e-06 3.25927889193022e-07 0 0 0 0 0 0 0 0 0 0 0 0 0 0 0 0 0 0 0 0 0 0 0 0 0 2.41907036969028e-08 5.00611145958606e-07 3.92659613845339e-06 1.32236452767389e-05 2.46564019460547e-05 1.78015958509949e-05 1.30211990320908e-05 9.02937725146577e-06 1.20939705515541e-05 3.94919440132866e-05 4.3695200232727e-05 3.01725845770659e-05 1.84614192686294e-05 2.40470189590591e-05 1.68758109204489e-05 7.50570744242987e-06 4.94321528800411e-06 2.90367868716146e-06 1.79703882887495e-06 1.25965056935365e-06 4.57138172330689e-07 1.51458982138743e-07 0 0 0
3.68419736607537e-05 3.21999266729477e-05 4.12566438299127e-05 5.00121526398088e-05 4.87767904975388e-05 3.04756071405101e-05 1.09213553364235e-05 1.77745672400662e-06 1.09631859226911e-07 0 0 0 0 0 0 0 0 0 0 0 0 0 0 0 0 0 0 0 0 0 0 0 0 0 9.30531241424374e-08 1.31773494643874e-06 7.75500293786939e-06 1.94998793295378e-05 1.65227986864919e-05 1.81230958543186e-05 7.43623450365692e-06 1.4725863001592e-05 2.73144152003417e-05 1.77266709498704e-05 8.81350133529229e-06 5.51253370916405e-06 1.53659172349361e-05 2.04250123342816e-05 2.17210762193172e-05 2.51397099334849e-05 1.7527449875298e-05 1.21417939657585e-05 9.49035957413834e-06 1.48693891235597e-06 8.25579481861512e-08 0 0 0
1.13814128557795e-05 1.73301175229069e-05 5.18722012616198e-05 9.61937084751675e-05 8.60280096493022e-05 4.61247600594708e-05 1.7774047329239e-05 2.85121402690667e-06 1.76871661089021e-07 0 0 0 0 0 0 0 0 0 0 0 0 0 0 0 0 0 0 0 0 0 0 0 0 0 8.42672379766728e-08 1.66575796894843e-06 1.80421285323302e-05 1.49898789816453e-05 1.87579262993418e-05 3.89106124622373e-05 9.51666198628947e-06 7.30850174990888e-06 7.92489759589098e-06 2.78089707705051e-06 9.22000734094898e-07 2.12726881718206e-06 1.55301578336074e-05 6.07935748967573e-05 4.30141240339407e-05 4.30526621620766e-05 3.45926359280608e-05 3.9832759646807e-05 2.10192054500858e-05 2.74203694413446e-06 1.37753042502781e-07 0 0 0
6.01860182333305e-06 4.91338632979209e-05 6.96507617800552e-05 9.07766893466067e-05 6.25424608560671e-05 3.12435068176336e-05 9.21862479258703e-06 1.41558854368799e-06 8.92962707400106e-08 0 0 0 0 0 0 0 0 0 0 0 0 0 0 0 0 0 0 0 0 0 0 0 0 0 4.52008862319517e-08 8.07853473780484e-07 4.70239762196094e-06 8.51022824607558e-06 1.2439712881494e-05 2.90011018501859e-05 1.30331004032713e-05 2.32329452400107e-06 8.61946376933935e-07 2.46264506120564e-07 6.3992774809686e-08 7.94809951877604e-07 8.0479644235404e-06 2.8214439748475e-05 6.27576336236968e-05 5.09063042677869e-05 3.37927900239842e-05 2.57358402002443e-05 1.18665462354559e-05 1.9908065441119e-06 1.18946249125874e-07 0 0 0
5.08345058165452e-06 2.04404015085039e-05 4.31969910841035e-05 4.16857078653095e-05 1.98961812994061e-05 5.8018858541973e-06 1.49248191148919e-06 2.33366095916334e-07 0 0 0 0 0 0 0 0 0 0 0 0 0 0 0 0 0 0 0 0 0 0 0 0 0 0 0 1.14632610343004e-07 6.07964524506821e-07 2.09783483287393e-06 1.41807440662098e-05 3.86583060009141e-05 1.76161080591072e-05 2.05962243480849e-06 1.22513200034579e-07 5.65672526111125e-08 8.38458727193387e-08 2.42690075527432e-07 2.18864576881425e-06 1.26531086856514e-05 4.98993918277696e-05 4.79047074892879e-05 2.36014295358991e-05 1.82728208593426e-05 1.73759125165438e-05 4.08549094554668e-06 3.57151555347358e-07 0 0 0
1.97507860130313e-06 7.48125230860541e-06 1.86304524532695e-05 1.88694242379699e-05 7.30690453169348e-06 9.95773472779343e-07 1.12260408054284e-07 0 0 0 0 0 0 0 0 0 0 0 0 0 0 0 0 0 0 0 0 0 0 0 0 0 0 0 0 0 1.57823698821045e-07 1.53691938605841e-06 8.44363216273549e-06 1.94880086920022e-05 1.54429357492082e-05 2.83229397597355e-06 5.00798574626739e-07 1.19134772098032e-06 1.61173951339328e-06 1.63417798459783e-06 2.57025845337514e-06 8.08817055040736e-06 2.93376613395405e-05 3.66881638749175e-05 2.7402263133511e-05 1.55970044427201e-05 1.96686573317924e-05 8.43730382584125e-06 7.63223506476641e-07 0 0 0
4.85741184071663e-07 2.38627847273568e-06 6.70634210080172e-06 4.98411059357625e-06 1.57035014119533e-06 1.89755271995464e-07 0 0 0 0 0 0 0 0 0 0 0 0 0 0 0 0 0 0 0 0 0 0 0 0 0 0 0 0 0 3.5128367015476e-08 7.79158144689305e-07 5.55842602601007e-06 1.65434665970668e-05 1.74904763690874e-05 1.35545181104531e-05 4.83030220472399e-06 3.40716843478276e-06 9.74998623089761e-06 1.14672789345101e-05 1.10030984501165e-05 1.51960197829467e-05 1.62143018089544e-05 2.005726843984e-05 2.30419319112881e-05 2.09421515455559e-05 1.30059635260933e-05 1.92819312206358e-05 5.83042670015642e-06 5.91024581782565e-07 0 0 0
5.11608304782588e-08 2.63040739798508e-07 6.58346980315507e-07 6.80920551501025e-07 7.73668987642424e-07 5.55045902704587e-07 1.18402575021051e-07 0 0 0 0 0 0 0 0 0 0 0 0 0 0 0 0 0 0 0 0 0 0 0 0 0 0 0 0 6.3064289858581e-08 1.45725265604545e-06 1.38964829960305e-05 4.06745262426104e-05 1.23904841015246e-05 1.34851299220344e-05 2.05187518140577e-05 1.80439706883828e-05 1.92229170343754e-05 1.96987725785639e-05 1.71794854096952e-05 2.41459477682207e-05 2.56488714355854e-05 4.52029854039309e-05 2.53339987237024e-05 1.55559740953746e-05 1.53407650061645e-05 1.32127879181645e-05 2.9892013406927e-06 2.44203692989844e-07 0 0 0
0 0 2.34109043948285e-07 2.0263737532349e-06 7.69662205095961e-06 6.31920900168003e-06 1.05145899574298e-06 0 0 0 0 0 0 0 0 0 0 0 0 0 0 0 0 0 0 0 0 0 0 0 0 0 0 0 0 2.76912014657309e-08 5.60793094312286e-07 3.458752063882e-06 7.90622644091592e-06 1.38789387413707e-05 2.32453774650587e-05 4.71371710279684e-05 4.49744053165177e-05 3.83443906886378e-05 3.72865535302428e-05 2.48441249121214e-05 1.9835323094448e-05 3.11208106563689e-05 5.81846758697631e-05 3.49990911766372e-05 1.0372099466165e-05 1.31434323260359e-05 4.05503204074523e-06 7.10623804448537e-07 5.00899950544173e-08 0 0 0
2.35320083437367e-07 9.10137430724647e-07 2.88115022691315e-06 1.07774827624581e-05 3.14929746077494e-05 2.27416642000195e-05 2.72146379563146e-06 0 0 0 0 0 0 0 0 0 0 0 0 0 0 0 0 0 0 0 4.35460460702335e-08 1.10606328230136e-07 1.22775876656355e-07 4.68864673145884e-08 0 0 0 0 0 0 5.88412003682155e-08 3.66659864068645e-07 1.15477200592438e-06 3.20369843379453e-06 1.33316395798414e-05 3.83021384460745e-05 3.97206768376021e-05 5.68071603750003e-05 7.20859318939883e-05 3.98730188590607e-05 4.19901274126155e-05 6.18833228918475e-05 6.69287592143143e-05 2.55832113314327e-05 4.53747436384242e-06 1.63001695174995e-06 5.90328243535087e-07 8.01081332575636e-08 0 0 0 0
3.56468115917538e-06 1.04891378427892e-05 2.41648927320327e-05 4.1772522030421e-05 5.05668856181283e-05 1.91166400901004e-05 2.33811722126735e-06 0 0 0 0 0 0 0 0 0 0 0 0 0 0 0 0 0 0 1.30752610851839e-07 9.1987487390311e-07 2.40184459824712e-06 2.77414196158648e-06 9.89737571173526e-07 9.96100716248984e-08 0 0 0 0 0 0 1.46915444923147e-08 7.79133624712147e-08 6.6597631663876e-07 5.66983176370324e-06 1.92380025974383e-05 2.16174833467022e-05 3.27532365903733e-05 5.91756179902715e-05 5.95814734671099e-05 6.75825551122462e-05 0.000104378506536655 0.000102277502413059 4.00934033078177e-05 6.22090930091756e-06 5.019794916513e-07 2.64199712534905e-07 9.67106374403705e-07 1.61044765256702e-06 9.47364547713842e-07 6.33865245590007e-07 2.89624760613127e-07
2.1560408174042e-05 5.07642142452292e-05 7.77629390324673e-05 0.000117962844664623 6.91529065340101e-05 1.84522271148184e-05 1.60002068143741e-06 0 0 0 0 0 0 0 0 0 0 0 0 0 0 0 0 0 2.71347926160942e-08 7.26432132037025e-07 6.58875424385852e-06 1.75594780586376e-05 2.45802588750026e-05 6.53462996677584e-06 6.14990189178767e-07 2.39733308252098e-08 0 0 0 0 0 0 5.66273411070666e-08 2.78065301232831e-07 1.16452795913902e-06 3.56952147542609e-06 1.04128401721898e-05 1.55489547171301e-05 3.28768379971805e-05 6.83493763178284e-05 7.33152031866206e-05 9.09879058559396e-05 6.57215341896673e-05 2.90318690227596e-05 4.97220456578289e-06 1.38728774612247e-06 3.06561612510589e-06 8.75551626047671e-06 1.68871860943747e-05 8.92405770679744e-06 6.88600772961446e-06 3.07894288548677e-06
4.09688353520468e-05 7.94635117018985e-05 0.000111032381648895 0.000124390371138339 7.10606127946072e-05 1.48151693859131e-05 1.19114364492117e-06 0 0 0 0 0 0 0 0 0 0 0 0 0 0 0 0 0 3.24861393877897e-08 9.00058483199619e-07 9.04657877941816e-06 3.3288564531529e-05 4.16986830514184e-05 1.44239086651409e-05 2.14870367189718e-06 1.7754414874744e-07 0 0 0 0 0 7.90046178700994e-08 8.57296166903763e-07 3.15576023408282e-06 3.00505151958939e-06 3.35911242276536e-06 8.35405383222262e-06 1.46842328825086e-05 3.57770994289852e-05 7.57691934671407e-05 6.77906498283091e-05 4.65489327887059e-05 1.98404751709305e-05 5.35000627836862e-06 1.71422725535829e-06 6.91545382111607e-06 1.92717947057342e-05 2.67806872713691e-05 3.96507196110904e-05 3.41338403507934e-05 2.31376662840189e-05 7.85723794217073e-06
4.02042865735465e-05 7.63397812809698e-05 9.61280390577891e-05 7.69839659299321e-05 5.51589541112923e-05 1.30819333711465e-05 1.15330028342591e-06 5.69968484316993e-07 9.76652954662042e-07 3.62768041652481e-07 3.24483044081977e-08 0 0 0 0 0 0 0 0 0 0 0 0 0 0 2.62222369189932e-07 2.65818042668913e-06 1.33696254336906e-05 3.28783243880095e-05 2.82493624823764e-05 8.17631185018766e-06 1.15114811337139e-06 7.8942255637391e-08 0 0 0 4.10127940977089e-08 5.57516817910255e-07 4.78693470337764e-06 1.82170830658995e-05 1.63907259695463e-05 1.5313189476054e-05 2.76484228658419e-05 3.16660106168151e-05 5.04298247374734e-05 5.06690964080427e-05 2.90148667978381e-05 1.05025675143146e-05 3.14560555839095e-06 5.76957303539583e-07 1.23467238148824e-06 1.27698956051805e-05 3.53163480743112e-05 4.79347184279309e-05 4.39249984900678e-05 4.50457259992786e-05 2.71631665515856e-05 5.26611926010898e-06
