simulations/projFolders/pop500/sim1/UDs_popWinter/averageUD_winter.asc
NCOLS 425
NROWS 420
XLLCORNER -993091.192708413
YLLCORNER 1721909.37164398
CELLSIZE 500
NODATA_VALUE -9999
[rows 200 to 224 of 420, columns 116 to 173 of 425]
0.000117229759687982 0.000112114936108419 0.000122794084245518 0.000104605920608205 0.000118920490140445 0.000121734485024812 9.0246245261032e-05 3.18920090780516e-05 2.21249852319747e-05 1.71382594846091e-05 4.59557818228626e-06 4.70296916298343e-07 0 0 0 0 0 0 0 3.12796561033657e-07 3.2489129806369e-06 1.3191482051626e-05 1.78758054963821e-05 8.74051637909061e-06 6.47862395243123e-06 1.30542945111008e-05 1.05022592465424e-05 2.16737785367062e-06 2.76273553014671e-07 2.45861901919937e-08 0 0 0 0 0 0 0 0 0 0 6.7378343371035e-08 4.37927374131315e-07 1.35872128879255e-06 5.04749361403406e-06 1.95455998173688e-05 6.57267644972461e-05 0.000110177688295757 8.63283649048928e-05 5.94424307320162e-05 3.96575555187878e-05 3.75168286247418e-05 1.15996655071633e-05 1.22208159877193e-06 3.16082790945704e-07 1.82398757889283e-06 1.08337160195109e-05 2.1498702465541e-05 1.98211967936368e-05
7.16812908617872e-05 8.91142561992495e-05 8.31395015083887e-05 8.38343948088914e-05 0.000122692875558694 0.000110084414477268 0.000107069529588275 7.56004825201114e-05 5.5765841153788e-05 4.46571744958758e-05 1.46085927256468e-05 1.74468744072829e-06 1.4823308446723e-07 2.81047196027784e-08 0 0 0 0 8.23593945788265e-08 1.37132604134748e-06 8.70786979756148e-06 2.77613177883318e-05 2.36685127009457e-05 1.14707816387131e-05 6.30531785981897e-06 1.20015777642209e-05 1.44316032522521e-05 1.91392935804043e-06 1.12764602813094e-07 0 0 0 0 0 0 0 0 0 0 5.4022108085868e-08 7.13564222647113e-07 2.42571765546247e-06 5.8073108081942e-06 2.35465560098052e-05 6.5827257928333e-05 0.000105047248299263 7.45836496320298e-05 3.94340120238578e-05 2.88116428988403e-05 1.4344245194757e-05 1.33185684675072e-05 5.66018233050807e-06 5.25305839232315e-06 6.90656900375463e-06 4.58605261499352e-06 6.31373375626411e-06 8.28476529531943e-06 4.82426863142461e-06
1.87014080575812e-05 3.88814508897822e-05 8.2239747043802e-05 0.000103104449804056 0.000108765244479157 9.63697284417621e-05 6.98518604009379e-05 7.81644210184955e-05 6.71068802446371e-05 5.71750663195699e-05 2.13645454486735e-05 4.20376239325962e-06 1.73360528416746e-06 5.07821678161605e-07 0 0 0 0 4.44264791420651e-07 6.81075267463726e-06 3.91541905683915e-05 6.53028041095581e-05 6.70052915782026e-05 4.29185628872087e-05 1.75531078122275e-05 1.17107667023746e-05 4.59398142973216e-06 7.69805686980107e-07 4.37499766102348e-08 0 0 0 0 0 0 0 0 0 0 1.10153567215698e-07 1.77202688056621e-06 7.22428131816754e-06 1.77997481070069e-05 5.28385341144177e-05 0.000106788247819012 0.000141743481152967 9.24749821383753e-05 3.67225930078544e-05 8.43419134579703e-06 2.43714707892829e-06 3.96928098035257e-06 1.2908468022374e-05 2.73891407984352e-05 3.85498143715568e-05 1.86927802852503e-05 1.74547601483525e-05 2.23079007109115e-05 1.15505913267412e-05
2.249073004251e-06 1.24781774351465e-05 6.00276663872982e-05 0.00010110908001216 0.000126462280744705 8.94685015042952e-05 4.53059598783565e-05 5.63672520195452e-05 3.92044372839349e-05 2.88815870868359e-05 1.9179927184333e-05 1.74033027134621e-05 1.14433271805372e-05 3.23797762379689e-06 6.35536271119437e-07 5.96320023733934e-07 2.30812700455155e-07 2.891045187298e-08 1.10112025863298e-06 1.40338223421353e-05 6.75962567299633e-05 8.86116623839449e-05 6.26722574206404e-05 4.16540652495157e-05 1.39576224604062e-05 4.38184710200202e-06 1.08903378709079e-06 1.53846704045054e-07 0 0 0 0 0 0 0 0 0 0 0 4.81474089589649e-08 6.79632066719101e-07 3.94071498868394e-06 1.87343154094312e-05 6.6808640953936e-05 0.000115326076740907 0.00013963907956462 9.18264239986028e-05 3.87793853861894e-05 8.46945308111557e-06 2.55468673992826e-06 1.18737779552475e-05 3.22265699491611e-05 3.54344882055411e-05 3.303730860207e-05 2.02025119206352e-05 1.42059931525291e-05 2.76698470103474e-05 2.22351588299018e-05
1.63591420270748e-06 1.05562750245451e-05 3.5764645783518e-05 6.11112043234611e-05 6.67965337604665e-05 2.97096129493741e-05 1.48997250937813e-05 1.13506801421411e-05 8.17157234960565e-06 9.79307945774574e-06 2.39126961667734e-05 3.70195545239832e-05 1.90569479010056e-05 6.16121059256477e-06 7.59994611110591e-06 6.52850465820287e-06 2.47309124086335e-06 2.27528042149953e-07 2.16164137227253e-06 2.12494656434236e-05 7.00441300838136e-05 7.0158965882549e-05 4.36442196349948e-05 2.51165553916359e-05 1.15950861940641e-05 7.52493552830454e-06 3.06434393846903e-06 5.74191042662453e-07 3.42230305235195e-08 0 0 0 0 0 0 0 0 0 0 0 3.72136215430126e-07 5.94435492504283e-06 4.7974657265219e-05 0.000109257124359564 0.000151077985756895 0.000152927443378388 9.07122790773491e-05 3.85885089618852e-05 1.23967919493222e-05 1.19227115059608e-05 3.44409607335656e-05 4.96209263779719e-05 3.24801057562827e-05 1.67373474679966e-05 6.14300183924797e-06 5.28715644008475e-06 1.37059586116595e-05 1.12999463448912e-05
5.46064879721193e-06 2.98027060912834e-05 5.51057793175744e-05 7.089117914126e-05 5.19654713548183e-05 1.85015629968839e-05 3.75532382151335e-06 2.17553880056097e-06 7.85600766504971e-06 1.82853899888091e-05 2.70244274276513e-05 3.26843745992093e-05 1.0162330232113e-05 1.17928124959043e-05 3.20374369607166e-05 2.39981710900227e-05 5.2857738917228e-06 4.86028089632293e-07 2.47865472909322e-06 2.16083880504389e-05 5.14357164479489e-05 2.7223752810352e-05 1.96978487065699e-05 1.24422218645099e-05 2.02753320327411e-05 2.26318798949287e-05 2.35610101361626e-05 2.51729972649454e-06 1.52667431386914e-07 0 0 0 0 0 0 0 0 0 0 0 5.38226449838416e-07 7.97531567478815e-06 5.44917806958993e-05 0.000112249784166637 8.11014026367705e-05 5.9115592387695e-05 3.20750623927294e-05 2.11462173601612e-05 2.85993013518373e-05 5.47915548062033e-05 8.71347635946041e-05 0.00010599308460484 7.15927779642996e-05 2.59522851545109e-05 1.23501587653681e-05 1.19504360476833e-05 6.25116424607519e-06 2.77074286701992e-06
1.02557977656973e-05 4.22137789409641e-05 8.89040529688777e-05 0.00011340587585665 7.57592543926249e-05 3.51043082758223e-05 6.53672404558477e-06 5.54155930852324e-06 2.11530402293425e-05 3.12148705111106e-05 1.96847505858811e-05 1.14197684446908e-05 7.75891309569874e-06 3.05070206509505e-05 5.80265894506645e-05 3.08676194385999e-05 5.36727951815926e-06 1.50770950124477e-06 1.92675716235198e-06 6.73699704900513e-06 1.17290345946749e-05 4.98864194356284e-06 3.40490252695882e-06 5.21073350659904e-06 2.31269411732501e-05 4.66311275938476e-05 2.77667678880382e-05 6.19120569872408e-06 5.44436275935035e-07 0 0 0 0 0 0 0 0 0 0 0 7.86955933983234e-07 9.67073254244647e-06 3.87347191555128e-05 7.22413808075557e-05 6.63323774904598e-05 5.02911806084416e-05 1.84637289486144e-05 2.47240271408397e-05 5.86707554731753e-05 0.000104859150941522 0.00013198326527491 0.000138072535389541 0.000112258411938968 6.33375793667552e-05 2.97425575541271e-05 1.18958046654588e-05 1.30445100361324e-05 6.57060043857363e-06
2.07079853853403e-05 5.14339469350572e-05 0.000126804381603378 0.000167468637220636 0.000143848225468022 6.25461861463654e-05 1.58254988484565e-05 2.14348733415699e-05 3.04382722811405e-05 3.28781120464625e-05 1.17986612016726e-05 4.07587550562549e-06 9.76868998216279e-06 5.15355691291044e-05 9.01593714912757e-05 4.27075922470355e-05 8.62643308899554e-06 1.06765571976966e-05 8.89080017765939e-06 2.35371524457697e-06 1.19780120434552e-06 1.3700954149805e-06 1.74958864219231e-06 4.83265984782152e-06 3.12949456260725e-05 6.51130825252464e-05 5.8941040185478e-05 1.57006587826251e-05 2.02185404478049e-06 1.48145860287355e-07 0 0 0 0 0 0 0 0 0 1.5376371447251e-07 1.12877995702123e-06 6.22926559271793e-06 2.09064800283045e-05 4.24792543034917e-05 5.05017489172626e-05 4.07935976964149e-05 3.96478138846577e-05 5.70331290339145e-05 8.46868455372703e-05 0.000169329464428119 0.000155537769191567 0.000155259400599317 0.000146067351096395 0.00011250233649712 6.39119371743662e-05 1.72934494905007e-05 7.83723778988174e-06 1.05398409063942e-05
3.53878848239094e-05 8.07556286418631e-05 0.000126584410661844 0.000179018899790508 0.00015820696949262 5.5490881202161e-05 2.74002160864921e-05 4.52493578175641e-05 3.57307158394811e-05 2.05268133422632e-05 1.31674725556534e-05 8.77667218408074e-06 1.0595912113319e-05 5.94290420386841e-05 0.00010102191566976 5.40885552740115e-05 1.88322067252447e-05 2.56697777647394e-05 2.03670728942722e-05 4.72194561713997e-06 2.08818214004975e-06 9.1638648878472e-06 1.37534439557693e-05 1.00129675115705e-05 2.06089299163086e-05 4.87833060302705e-05 5.40753751969361e-05 2.7145761995312e-05 6.9399946366174e-06 9.53260634518151e-07 7.24290875918926e-08 0 0 0 0 0 0 0 0 1.26514292782188e-06 7.19079095838584e-06 1.40547417098054e-05 3.01186908023204e-05 3.64361442609474e-05 2.80763823526652e-05 3.82402539236392e-05 6.34985789628671e-05 9.11369249184521e-05 7.76146426762727e-05 0.000169419407837081 0.000199934810391203 0.000134617164725096 8.66292640528669e-05 0.000101512394841014 6.8319223818154e-05 2.25490648289524e-05 1.02258361871507e-05 1.43784489476308e-05
4.25641089659063e-05 5.17351105786425e-05 8.03357362711808e-05 0.000142380878323006 0.000133439570659482 5.00523745991595e-05 3.9316210894045e-05 4.24294099193004e-05 2.41230502714022e-05 1.04232626031218e-05 1.26363160083093e-05 1.61181651048713e-05 9.53363068359822e-06 1.9810633732996e-05 3.70807982964872e-05 2.99404077218696e-05 4.21940498035443e-05 5.58975599681552e-05 3.2700631766071e-05 5.87075715858708e-06 2.91434419328549e-06 1.69701278202212e-05 3.80455590767792e-05 2.37080771465588e-05 1.79129149756886e-05 2.56971884507543e-05 3.40373888596801e-05 5.11270575202834e-05 1.9210036843169e-05 3.66835435836251e-06 4.06545965215911e-07 0 0 0 0 0 0 0 0 2.80379829915929e-06 2.23250109692515e-05 5.9270549562943e-05 9.67747271018318e-05 8.33423957191952e-05 8.32340270244177e-05 9.76560488300225e-05 0.000100471682842121 0.000120760336512969 0.000100219078357574 0.000119651548559164 0.000150729879730261 9.10106971819845e-05 5.15507422364894e-05 7.48281627860489e-05 5.84696754787441e-05 4.83523085692089e-05 2.55249366152965e-05 2.36075855781171e-05
1.38401845463975e-05 1.54860317700241e-05 2.55980305362394e-05 5.7027228174082e-05 5.26390783465565e-05 3.53457666917968e-05 2.40399278689763e-05 2.63189338136048e-05 1.27320280292983e-05 3.20647307657483e-06 4.24452265705844e-06 1.10072912643472e-05 1.27294966945406e-05 4.58559021333524e-06 6.07877457487631e-06 1.62736773483738e-05 5.31148612475842e-05 7.64708369936639e-05 4.13490273040202e-05 8.393921888995e-06 1.77388777948553e-06 7.48085556518864e-06 3.36269475504846e-05 3.73258627934705e-05 2.85700317459636e-05 2.39435341198627e-05 2.42807604361807e-05 3.29363197073734e-05 1.99081972232633e-05 1.01321609686323e-05 9.50488494667269e-07 0 0 0 0 0 0 0 0 3.40091600067835e-06 2.23748181005398e-05 8.35459455810942e-05 0.000113338641817346 9.83963459686809e-05 0.000143008217209239 0.000179901048533145 0.000166895806782047 0.000138536810868837 0.000111731320614662 0.00010869535058258 0.000149370625608541 8.3559356626168e-05 3.06349433945037e-05 5.16918785847307e-05 6.44168332190751e-05 3.24880778775211e-05 2.31995154161964e-05 1.33504969993314e-05
1.88903231165433e-06 1.55835191246709e-06 3.16755520165916e-06 7.35073862564969e-06 9.28125157911429e-06 1.1771659366268e-05 8.46073124520467e-06 1.12720783794922e-05 4.5999870633543e-06 8.5199216842624e-07 2.65965191635696e-06 1.39710223296091e-05 1.32918767625199e-05 2.69448827008956e-06 1.0587619617115e-06 7.40182027188124e-06 3.61662656052872e-05 5.91351762387932e-05 5.40507473027741e-05 1.97831597170461e-05 3.25432000667424e-06 2.27729976167185e-06 1.61505136631766e-05 3.01519725458454e-05 3.5329371689194e-05 2.86357030259871e-05 1.17950886482766e-05 1.28616793075499e-05 1.68964378528305e-05 4.87091159426573e-06 6.21267245123738e-07 0 0 0 0 0 0 0 0 7.4939741749741e-06 2.53904405970119e-05 3.60206812604297e-05 6.34970143409418e-05 8.45913514457637e-05 0.000128274589771343 0.000129720404738435 0.000123669609422005 9.35830250341204e-05 7.28064104882597e-05 9.39348638016334e-05 0.000110422261054421 6.97186961739349e-05 4.46364618818173e-05 5.70805445288312e-05 5.81687651548991e-05 2.21434235563062e-05 1.07440361748374e-05 7.73136736791055e-06
1.07538660808852e-07 5.37105988745669e-08 1.44134231953121e-07 4.67265752356407e-07 1.9048674729745e-06 7.95726478064775e-06 9.10911802162341e-06 2.10396992033394e-06 6.90314045611166e-07 6.40988873755266e-07 4.34586266036561e-06 1.62700302891718e-05 1.7779842018298e-05 2.78503936703157e-06 3.56450444071686e-06 5.57804387038219e-06 1.54055664309034e-05 4.19025532882831e-05 4.17557172458854e-05 2.31970865269219e-05 3.64072038776038e-06 5.38176740495998e-07 4.55207796747304e-06 1.54233500354649e-05 3.36280725881547e-05 2.58709825563957e-05 5.82228694085464e-06 2.18443409530138e-06 2.27478030127698e-06 9.05781809666345e-07 1.2461624282329e-07 0 0 0 0 0 0 0 0 6.48447312386085e-06 2.14124508192645e-05 1.36560453095978e-05 3.60695235415307e-05 6.45928978891532e-05 6.70829191774385e-05 4.87362220861903e-05 4.54742312411306e-05 4.26323264818487e-05 6.11942484947908e-05 7.54011124339271e-05 7.01221898167242e-05 5.63819892679653e-05 4.78274039903079e-05 4.0490116922264e-05 6.14968277486894e-05 2.52065565425976e-05 2.09442619225098e-05 2.96407062547264e-05
0 0 0 1.17116564064716e-07 1.67538598172438e-06 8.29748343639782e-06 7.3238778856151e-06 1.5877857803599e-06 7.1365223263041e-07 2.39844992746279e-06 1.22604854399526e-05 1.79090742013911e-05 6.0538449322001e-06 2.71158362726845e-06 1.11678056413977e-05 1.77022665731262e-05 1.84637773773882e-05 2.39747613657882e-05 1.33889717975322e-05 5.0489464772504e-06 1.00849126461177e-06 2.94985831702174e-07 2.78043304557773e-06 9.73768718497778e-06 1.71275958411302e-05 9.55759547608717e-06 2.31100758527471e-06 2.52393743710651e-07 1.22598445153983e-07 5.42180241585577e-08 0 0 0 0 0 0 0 0 0 1.69303303111338e-06 4.17051650565375e-06 3.19096143343401e-06 9.73422266500036e-06 3.29516790792733e-05 4.57376614192844e-05 2.42336429644878e-05 1.15077551449237e-05 2.03554108729934e-05 4.96133156098924e-05 6.86957314580224e-05 6.76938295334563e-05 4.90694977321469e-05 3.60922999664145e-05 4.60369139889467e-05 5.26894927001634e-05 3.27923148856024e-05 1.97054389855527e-05 3.57963070257633e-05
0 0 0 1.82444229713987e-07 2.66877026285397e-06 1.16422493005631e-05 7.12933763830254e-06 7.36863771421044e-06 6.21543265851778e-06 6.39784475760294e-06 2.66754105675392e-05 1.69014707200235e-05 5.88713819135127e-06 7.50645110350567e-06 1.36647084721865e-05 3.26877906904128e-05 3.12142595635017e-05 1.89186986527455e-05 5.80263696585369e-06 7.48102436740528e-07 1.48022503701969e-07 1.09234440601276e-06 7.28259514985194e-06 1.40183689066554e-05 5.50757860740602e-06 1.44858204287616e-06 2.86695547389277e-07 2.40066256072508e-08 0 0 0 0 0 0 0 0 0 0 0 0 0 4.42260410617184e-07 4.84707858392108e-06 1.70412175349836e-05 1.46413100876916e-05 2.95472168350616e-06 9.00895392948196e-07 3.75125836564469e-06 1.44053082906815e-05 4.17113341372714e-05 6.82513564794996e-05 5.34078143513521e-05 5.24885989702471e-05 6.36829659314716e-05 5.41296526765823e-05 2.61518191534683e-05 1.76892541341143e-05 1.40967629843702e-05
0 0 0 1.36103364632989e-07 1.96137791490856e-06 9.6748266364843e-06 1.72304753206532e-05 3.14821302876911e-05 2.08339821538093e-05 1.75460055462738e-05 2.14262418439488e-05 1.45171536126299e-05 9.47332661557195e-06 2.071965858249e-05 2.65062320965775e-05 3.26514169559402e-05 1.94742232552534e-05 5.98637619960763e-06 1.24021829100451e-06 1.09979380790422e-07 1.44633435405008e-07 2.65377876337105e-06 4.47824671844785e-05 2.45405919839063e-05 5.90383913341983e-06 7.62331590488503e-07 8.26179311807199e-08 0 0 0 0 0 0 0 0 0 0 0 0 0 2.72065626619973e-08 7.00906792159054e-07 7.28274136749615e-06 1.91841814658537e-05 1.19280479843131e-05 1.70717539723894e-06 4.3083916532772e-07 2.48819426622458e-06 1.6589563339218e-05 5.03070168174997e-05 8.48059356175262e-05 7.46865496006494e-05 5.65530508731728e-05 6.41440823645949e-05 4.32107858340781e-05 3.15623693154261e-05 2.43600830425023e-05 1.42886806273127e-05
8.18400803800947e-08 2.20013156639966e-07 1.39110095909257e-07 6.75596020271115e-08 7.43742915768945e-07 5.62058621992746e-06 2.32498329122555e-05 3.6475453524175e-05 1.98079291722395e-05 2.68396828311781e-05 2.52910871047563e-05 7.88512639666636e-06 6.56683323875948e-06 1.59452930085788e-05 2.20638141026315e-05 1.8434900789641e-05 1.99601110062152e-05 6.02979958030845e-06 7.01307086243138e-07 2.92830845852057e-08 1.57465576187291e-07 2.44912621554376e-06 1.43915247165778e-05 2.59957239020342e-05 1.33976088830888e-05 5.10065676621978e-06 8.87768052013604e-07 5.79613224519498e-08 0 0 0 0 0 0 0 0 0 0 0 0 1.8040947906344e-07 1.61834654856796e-06 7.01023358820794e-06 1.42689933994088e-05 1.15183405573063e-05 2.02986551439762e-06 2.6972156482492e-06 9.49755404102693e-06 2.33427211631984e-05 6.42399191828089e-05 0.000101657517249875 7.52040520277278e-05 6.01000152501814e-05 6.98001608221781e-05 5.04204258300508e-05 4.64503094533488e-05 4.89412583389183e-05 3.02559565739418e-05
1.03068130551954e-06 3.4434539264414e-06 2.041778061449e-06 3.81589896261648e-07 2.00488429973384e-07 1.85279350253974e-06 8.58757831118429e-06 1.67227443300272e-05 1.89321190110451e-05 1.89458467057943e-05 2.69468594330601e-05 7.78538780252617e-06 6.26718299435787e-06 1.30646061146465e-05 1.65638513855791e-05 1.54288355254292e-05 1.40256313600919e-05 6.67431112349438e-06 6.64906052377591e-07 2.36079795275661e-08 4.94598411001832e-07 5.31845726049363e-06 2.37499345083505e-05 4.57661226371634e-05 4.24257628600984e-05 2.1286074071185e-05 3.7960815241751e-06 2.32101112477503e-07 0 0 0 0 0 0 0 0 0 0 1.89131198559008e-07 6.24166685129032e-07 1.48904439986644e-06 8.03187862003235e-06 2.22090557207816e-05 1.38720432290285e-05 7.77184544096928e-06 4.41840337569922e-06 1.06831667940083e-05 3.03054545061353e-05 3.71651872976146e-05 6.63199722737665e-05 8.04758071863968e-05 5.16671761847627e-05 6.7764297124739e-05 9.35132056433497e-05 7.17867463795514e-05 6.75682052940172e-05 6.54937624902488e-05 4.90418262758112e-05
3.24759376221002e-06 1.76823716602882e-05 1.10480030993721e-05 2.64965696248662e-06 2.86797876457159e-07 2.40642606502975e-07 1.25785870472017e-06 4.75567113587175e-06 1.49577464901773e-05 2.01272722324804e-05 1.7903303726719e-05 6.8612047468084e-06 3.68961365877232e-06 8.35602544211299e-06 5.94815472114709e-06 3.24262492344402e-06 2.66262865613594e-06 1.17151101580318e-06 1.61924021078592e-07 0 1.87432905650824e-06 1.68586596839155e-05 5.18922209716829e-05 4.92265596964135e-05 3.37540693566237e-05 1.79478991768799e-05 3.45027190617921e-06 2.26971009386951e-07 0 0 0 0 0 0 0 0 0 0 2.09887698283488e-06 7.89946503902451e-06 9.07696690370395e-06 1.91495586178213e-05 2.75807473796379e-05 1.35076949366938e-05 1.87381766728254e-05 5.70935942207461e-06 1.59715991460203e-05 4.38136383871808e-05 4.18096035700502e-05 3.54592800124762e-05 3.69351133687917e-05 1.67124662540942e-05 2.71189734327769e-05 6.18927627774634e-05 6.11898228499164e-05 7.77134075726612e-05 8.39153081141704e-05 0.000111861944193681
3.08501534150364e-06 1.71923544250307e-05 2.73919273155784e-05 9.62036568629091e-06 1.16847734893182e-06 4.87157922158447e-08 1.5535036799745e-07 1.64834305171114e-06 6.67469203442738e-06 6.13778782981422e-06 6.84812478690979e-06 3.30846942946644e-06 7.41655239802715e-07 9.32811933994185e-07 6.65770843595744e-07 2.72514356753893e-07 1.75733090137773e-07 7.62880517834723e-08 0 0 2.87116225796213e-06 2.17832922925891e-05 5.15377968527028e-05 3.29964719698201e-05 1.08839161689256e-05 3.1629034782298e-06 6.85229606430598e-07 5.40751752827247e-08 0 0 0 0 0 0 0 0 0 0 6.78284885331915e-06 3.82004454715115e-05 3.33678349837865e-05 2.44236960996361e-05 2.72573530661975e-05 2.49615460623237e-05 1.35455960401887e-05 3.78361041640961e-06 8.74960236212816e-06 2.3434381930988e-05 1.31185175845209e-05 9.48298070537999e-06 1.17876166472607e-05 1.44230499857272e-05 1.0147531516403e-05 1.44500629970027e-05 2.77646034943749e-05 5.55196888720377e-05 0.000111412398512225 0.000186595126978285
4.2936331590609e-06 2.2136515005448e-05 2.96040903763845e-05 1.43563430750007e-05 1.7296561272053e-06 7.59130853078419e-08 0 1.94068154078742e-07 6.37019635150091e-07 6.72670081228192e-07 6.14024058422968e-07 3.20390885448873e-07 4.34461580861316e-08 3.96921604970682e-08 2.78919742401278e-08 0 0 0 0 0 1.49106909514357e-06 1.17575516919083e-05 2.84151565271021e-05 1.38861453154527e-05 2.39043589670858e-06 2.85099289600287e-07 4.22613957179722e-08 0 0 0 0 0 0 0 0 0 0 0 4.68307081589337e-06 2.26172246028952e-05 5.38726448989028e-05 6.22631534906619e-05 4.81877215185398e-05 6.45794123382734e-05 3.29258814439576e-05 6.52470905305019e-06 1.30262039596065e-06 2.59640370484181e-06 2.5626758578036e-06 1.14280004049274e-05 3.89481224102508e-05 6.07664361569342e-05 3.31862829610989e-05 1.12348180259286e-05 2.52019688475952e-05 6.71578869194014e-05 0.000171713173381872 0.000285844475018309
5.67319663216518e-06 2.60476898390503e-05 1.78558155886415e-05 5.65333012466564e-06 7.38211558167904e-07 3.58725992539464e-08 0 0 2.28628068715741e-08 2.42895948748116e-08 0 0 0 0 0 0 0 0 0 0 2.29222743645459e-07 1.6322375740137e-06 3.68711678294989e-06 2.23356648338434e-06 3.80127021327636e-07 2.27279451782118e-08 0 0 0 0 0 0 0 0 0 0 0 0 1.83500989797825e-06 1.61788016550567e-05 6.72433599800056e-05 9.73189622120908e-05 9.44775342899671e-05 0.000103971436615179 4.01179157179805e-05 1.20127508411481e-05 3.74429655477676e-08 1.1024872946533e-07 1.57558487255637e-06 1.61052700125038e-05 5.49122504865778e-05 7.51671716537746e-05 5.33304661488885e-05 3.11553534106599e-05 3.75497601909788e-05 7.70121738280708e-05 0.000156039327376168 0.000258152812707975
4.72196936586562e-06 1.90801154813707e-05 1.5404693781651e-05 2.73614888998735e-06 2.35900413816649e-07 0 0 0 0 0 0 0 0 0 0 0 0 0 0 0 0 8.36594845131444e-08 1.98183712191532e-07 1.33189678302688e-07 2.47528514581074e-08 0 0 0 0 0 0 0 0 0 0 0 0 0 9.83491423496499e-07 9.75170638369285e-06 2.77676749962259e-05 6.85210823982576e-05 0.000119177423412319 7.36340656844131e-05 3.06296255426029e-05 6.90350215851656e-06 0 0 5.71616634235686e-07 5.58135146250579e-06 1.94833613923551e-05 3.82459424419247e-05 3.71597558243597e-05 3.79142314178933e-05 4.66081611791586e-05 6.99932724206613e-05 0.000124764025205839 0.0001605210900236
5.11304009683261e-06 2.33228187997797e-05 2.05625575026753e-05 5.16692781798135e-06 5.27453084918721e-07 2.03098315969477e-08 0 0 0 0 0 0 0 0 0 0 0 0 0 0 0 0 0 0 0 0 0 0 0 0 0 0 0 0 0 0 0 0 2.13116116346718e-07 1.46799359929801e-06 5.58463111495216e-06 2.28350255628303e-05 6.01086281213511e-05 4.89026084520735e-05 5.09052388347615e-05 1.04082608590906e-05 0 0 6.4712839954942e-08 6.5606593849973e-07 3.01769282655537e-06 8.17304849588635e-06 9.49748605447898e-06 1.76178961984504e-05 4.9342684445592e-05 8.31219330393419e-05 0.000100130073721767 0.000110402926797772
1.42616294318116e-05 1.81483514598959e-05 1.78298242382302e-05 8.88702645858722e-06 9.59477794780044e-07 2.45180679474403e-07 3.14652861547767e-07 3.36489640161475e-07 1.70019149656369e-07 3.01279542314123e-08 0 0 0 0 0 0 0 0 0 0 0 0 0 0 0 0 0 0 0 0 0 0 0 0 0 0 0 0 0 2.51309567818525e-07 3.16987861865208e-06 1.9455086438991e-05 3.70477661474122e-05 5.09455762781115e-05 6.308549642285e-05 1.3844031839953e-05 0 0 0 0 2.02080715089517e-07 5.75716025170658e-07 1.2590890982565e-06 7.61881750043451e-06 4.53525930623106e-05 9.48824286419085e-05 6.91229924529147e-05 3.84702347202046e-05
