simulations/projFolders/pop500/sim1/UDs_popWinter/averageUD_winter.asc
NCOLS 425
NROWS 420
XLLCORNER -993091.192708413
YLLCORNER 1721909.37164398
CELLSIZE 500
NODATA_VALUE -9999
[rows 100 to 124 of 420, columns 116 to 173 of 425]
0 0 0 0 7.96854437759438e-07 7.86473508889605e-06 2.26791016747499e-05 2.26282924403714e-05 3.50902453049463e-05 5.02090901114283e-05 3.43791693433878e-05 1.25438673416215e-05 1.526669016972e-06 6.09326780222992e-08 0 0 0 0 0 0 0 0 0 0 0 0 2.35783372762472e-07 2.25428771217669e-06 9.72057878928285e-06 2.53906957793973e-05 2.02153902491964e-05 5.69838331987197e-06 1.00547894831043e-05 3.50552275761423e-05 3.43199148759031e-05 1.13794170315022e-05 2.48169573012984e-06 9.23249230213776e-07 4.9909693186767e-07 1.08435786382641e-07 0 0 0 0 0 0 0 0 0 0 0 0 0 0 0 0 0 0
0 0 0 0 2.70109216205054e-07 2.50853737805165e-06 1.12897465000544e-05 3.03604044006803e-05 5.17997220135761e-05 4.05193343740736e-05 3.35307493791116e-05 1.39280790456955e-05 1.28655717702504e-06 4.85851778627394e-08 0 0 0 0 0 0 0 0 0 0 0 1.0405113425346e-07 1.18656898843486e-06 5.88044524166909e-06 1.30089856678478e-05 1.18110822508497e-05 7.81116075779365e-06 1.88593519843259e-06 5.14702685154656e-06 2.57042236614827e-05 4.27453815918215e-05 1.96758415541327e-05 1.40048740425498e-05 7.51563953202642e-06 5.80644095290954e-06 9.1205083295411e-07 0 0 0 0 0 0 0 0 0 0 0 0 0 0 0 0 0 0
0 0 0 0 4.36668669843905e-08 8.4173161299917e-07 8.30639339946877e-06 4.25051115434521e-05 4.59022261182117e-05 2.58037298906405e-05 9.82247944877991e-06 3.00318864160959e-06 3.66173742788548e-07 0 0 0 0 0 0 0 0 0 0 0 0 4.31038148216544e-07 4.36473777498451e-06 1.61317139856863e-05 1.55794667073183e-05 6.43342733354842e-06 2.42274347682057e-06 1.35555840091397e-06 1.85479526399847e-06 1.09218964348393e-05 2.71943230169954e-05 2.11055390527489e-05 2.41448134173249e-05 2.67834905523186e-05 1.34936198586243e-05 1.83307554099085e-06 0 0 0 0 0 0 0 0 0 0 0 0 0 0 0 0 0 0
0 0 0 0 0 7.54110631499752e-07 9.68582928138032e-06 3.80622707290574e-05 2.87751425044975e-05 1.11043285573598e-05 2.68160854454448e-06 3.69356886933122e-07 3.33673378903623e-08 0 0 0 0 0 0 0 0 0 0 0 2.64912487170632e-08 7.37893686131669e-07 7.75125715847445e-06 2.30080708851217e-05 3.32047380492367e-05 2.07109507164177e-05 1.19783338154047e-05 1.01901832963508e-05 3.36735579170356e-06 4.45879949237139e-06 1.36760715389188e-05 2.4180868639477e-05 3.7209127096683e-05 3.40633429571884e-05 1.20424982155026e-05 1.24649063212895e-06 0 0 0 0 0 0 0 0 0 0 0 0 0 0 0 0 0 0
0 0 0 0 0 3.86599771428589e-07 4.29228087868262e-06 1.35688604781016e-05 1.75151415161524e-05 1.09633952374398e-05 3.98112134990442e-06 5.6481338103608e-07 3.78529148276055e-08 0 0 0 0 0 0 0 0 0 0 0 3.8520549422296e-08 1.0138406650648e-06 8.58080666474456e-06 2.58788876224086e-05 3.32959778592226e-05 3.16823497400634e-05 3.21315862224254e-05 2.12399903675499e-05 6.35146442772785e-06 1.22134247789368e-05 3.62020060404091e-05 5.84136657391092e-05 4.9087706951125e-05 2.29528602202558e-05 4.84712049343694e-06 4.17090806858869e-07 0 0 0 0 0 0 0 0 0 0 0 0 0 0 0 0 0 0
0 0 0 0 0 5.62727836925431e-08 5.35199535055727e-07 1.79493054739676e-06 3.9002299307059e-06 9.40986908930817e-06 9.75423958109569e-06 2.6790949049157e-06 2.92851531399554e-07 0 0 0 0 0 0 0 0 0 0 0 3.70611523960226e-08 9.56597621510512e-07 8.58016125820038e-06 1.72209218136832e-05 1.50454025708963e-05 1.64716709397929e-05 3.71218398197036e-05 1.41800334670854e-05 1.00913373748984e-05 3.42293716952029e-05 5.09476959682912e-05 6.34283572407441e-05 4.4957999138044e-05 1.41090573736771e-05 1.5274564502088e-06 8.26506657140247e-08 0 0 0 0 0 0 0 0 0 0 0 0 0 0 0 0 0 2.68031435541179e-08
0 0 0 0 0 0 4.05302780546091e-08 4.59969480268887e-07 3.58464987932748e-06 1.60175468765595e-05 3.31995226428191e-05 1.06187658379765e-05 1.29000213922839e-06 5.78897452189235e-08 0 0 0 0 0 0 0 0 0 0 0 2.2213235205458e-07 1.33724603796076e-06 2.34685139720236e-06 2.10258131837525e-06 3.15088825286457e-06 1.07693681488658e-05 1.64361596100243e-05 2.77684982853818e-05 5.09723387636145e-05 6.71945810288397e-05 6.23570792349529e-05 2.83535476761489e-05 4.97841415904886e-06 4.27402817858184e-07 0 0 0 0 0 0 0 0 0 0 0 0 0 0 0 0 0 1.67936086647266e-08 3.89717868512095e-07
0 0 0 0 0 0 1.01025711042082e-07 2.01348261898828e-06 1.6737589611866e-05 4.67751026132962e-05 6.00648745867976e-05 2.20953188826842e-05 2.59304605412983e-06 2.47369433043805e-07 0 0 0 0 0 0 0 0 0 0 0 0 7.62238705613604e-08 1.23478021118008e-07 1.18635303801288e-07 5.40448992954977e-07 5.06752962224217e-06 3.04000210003576e-05 5.5172987279846e-05 5.85002750132543e-05 6.56538680166891e-05 4.76948730626556e-05 1.32573647418739e-05 1.52292149134723e-06 8.73887620362146e-08 0 0 0 0 0 0 0 0 0 0 0 0 0 0 0 0 2.33752762131807e-08 1.24383819633273e-07 2.12769513009058e-06
0 0 0 0 0 0 1.74261789644843e-07 3.50143876842633e-06 2.61995866883182e-05 6.98891356556627e-05 6.86201304167087e-05 2.78339181083102e-05 8.91705881764952e-06 2.96374503510057e-06 3.1926223890381e-07 3.9198366719667e-08 0 0 0 0 0 0 0 0 0 0 0 0 0 2.40309833305548e-07 4.7076810149265e-06 2.35567241896744e-05 3.92742603999959e-05 3.04650850580625e-05 2.30982173224051e-05 2.00401712200159e-05 9.34700295287924e-06 2.01553176148299e-06 3.15208599190314e-07 3.44578475035917e-08 0 0 0 0 0 0 0 0 0 0 0 0 0 6.12914664061752e-08 3.74343158893563e-07 6.43326202379143e-07 8.10440280439026e-07 6.3153277148505e-06
0 0 0 0 1.02075508034483e-07 2.83293280505205e-07 4.72361629342344e-07 2.78414459886805e-06 1.43277253949292e-05 3.38244065627459e-05 6.14241138073569e-05 7.15978071062023e-05 4.1611719874695e-05 1.8531199543852e-05 3.02867987179827e-06 5.33210637490062e-07 4.83140138364071e-08 0 0 0 0 0 0 0 0 0 0 0 4.41191805274351e-08 8.8006647998316e-07 1.13405790174973e-05 3.55030298217395e-05 3.02589163170838e-05 1.48897822939752e-05 3.44025976940738e-05 5.18939942098649e-05 2.5406552477552e-05 8.08496121281537e-06 2.49200710084489e-06 4.29202307695245e-07 0 0 0 0 0 0 0 1.70033654277873e-08 5.25544965034486e-08 6.86733474109808e-08 5.44913964380258e-08 7.88786637678458e-08 1.49986692115577e-07 6.45867257816209e-07 3.80097422732062e-06 6.43222825573366e-06 4.98651713110895e-06 1.18026398117112e-05
0 0 0 0 1.35094462887953e-06 4.23162290807801e-06 4.92565473519922e-06 8.41756816916345e-06 3.74450646324354e-05 3.66373322887973e-05 5.26560507691556e-05 6.84508457749735e-05 5.97956478569396e-05 2.90793739246435e-05 1.4103635213648e-05 3.84195288626319e-06 3.89232125581793e-07 0 0 0 0 0 0 0 0 0 0 0 1.1531879862961e-07 2.3143540601158e-06 3.61460857077413e-05 3.48301492616094e-05 2.17756703486388e-05 1.61005724214376e-05 4.44258116166097e-05 4.97725829460156e-05 1.64252575479664e-05 1.65996365241845e-05 1.01895537222904e-05 2.06818873984943e-06 0 0 0 0 0 0 4.04475431405819e-08 3.95497103437125e-07 1.24265043990801e-06 1.64417270563752e-06 1.32529181422416e-06 1.76349224049281e-06 2.68610310728938e-06 4.17447555791826e-06 1.02888746182559e-05 1.56132038675822e-05 1.52902621769131e-05 1.58276949070873e-05
0 0 0 0 4.83540166148107e-06 2.39613614965852e-05 2.09477171292615e-05 2.70769447076315e-05 6.85672759979565e-05 6.33076429339181e-05 4.93997409918007e-05 4.27010282855299e-05 2.16383021315342e-05 2.50252000976507e-05 3.17594744251091e-05 9.43928305018095e-06 8.80066188944856e-07 0 0 0 0 0 0 0 0 0 0 0 7.65192526126104e-08 1.35774142102877e-06 8.27934406661283e-06 1.62839442484359e-05 8.17469321155305e-06 8.38964618705513e-06 2.12300028642602e-05 1.64540614925528e-05 4.96295560129479e-06 9.55229904460556e-06 1.32384197780619e-05 2.57003493595724e-06 0 0 0 0 0 0 2.85618647454765e-07 2.95476824963489e-06 1.07726072887802e-05 1.33206704625581e-05 1.10075920815388e-05 1.33025581011277e-05 2.01663859179674e-05 1.9851071759184e-05 1.9202006979931e-05 9.63875092523559e-06 8.18191375547372e-06 4.33250563200107e-06
0 0 0 0 4.96997171991034e-06 2.463860995959e-05 3.53569723650141e-05 5.34527674293816e-05 6.79302737086893e-05 7.00869709222441e-05 5.72680830930281e-05 2.90743615465471e-05 1.04281958187994e-05 2.16344892969139e-05 1.85196083030888e-05 5.42695121815739e-06 5.13615785143998e-07 0 0 0 0 0 0 0 0 0 0 0 0 2.12518978505348e-07 1.08137109777784e-06 1.80652854024857e-06 1.06322369533565e-06 1.48126645938488e-06 3.49642778731383e-06 2.16200435524597e-06 6.66721491113741e-07 1.47881160949363e-06 1.92677392615832e-06 5.84296300050212e-07 0 0 0 0 0 4.14563619397016e-08 8.91838164495138e-07 7.27969687399987e-06 2.37154550839946e-05 2.79433634119839e-05 2.17327028503382e-05 3.01093514995426e-05 2.82258205103363e-05 2.03042067578432e-05 1.39588126906565e-05 2.91737797657216e-06 9.9388440135214e-07 4.4889183480178e-07
0 0 0 0 3.58942826262698e-06 2.20369063308069e-05 4.3507385997048e-05 7.67310112680971e-05 5.60618154679878e-05 3.81704866869326e-05 3.38362492606041e-05 2.16935649504643e-05 1.53274489559933e-05 1.19314249599685e-05 9.15183406282884e-06 2.05878424449138e-06 1.64560799014026e-07 0 0 0 0 0 0 0 0 0 0 0 0 0 4.94215273625801e-08 7.84888543386831e-08 3.80786914303425e-08 9.23375773668596e-08 1.96454857350987e-07 1.15092043410574e-07 3.53691539187704e-08 8.32435180163598e-08 1.08988831920871e-07 3.71218775382679e-08 5.00733040076511e-08 2.60602537298272e-07 1.06674374542157e-06 3.37285478584513e-06 3.42072686165405e-06 1.56583043274092e-06 2.51817400556142e-06 1.28503683948817e-05 1.89352761945729e-05 1.11438594753602e-05 1.34154297405533e-05 2.52487026143874e-05 2.20005065193023e-05 7.9007912423707e-06 5.28202345571499e-06 3.7102513013636e-06 8.53835255801323e-07 6.9777350287605e-08
0 0 0 0 1.05585961132316e-06 6.69971760332877e-06 2.78388559806006e-05 5.31136319017858e-05 3.39366085812403e-05 2.01584193846645e-05 3.89822199923511e-05 7.59214013781486e-05 7.36366659370413e-05 2.45786141593359e-05 1.22058698902118e-05 2.44025071140806e-06 1.71494291854919e-07 0 0 0 0 0 0 0 0 0 0 0 0 0 0 0 0 0 0 0 0 1.54986701083994e-07 3.98807664151433e-07 3.2362795899128e-07 6.77724252425085e-07 3.39330499976828e-06 7.89867062086839e-06 2.94572710977931e-05 2.4694170801744e-05 9.99301206276509e-06 4.07522451114586e-06 1.40255503350279e-05 1.55908893786954e-05 9.43274330306229e-06 9.93353594050762e-06 5.99636211964899e-05 3.15781421945491e-05 1.61678120486768e-05 1.75816267721062e-05 1.65844149880257e-05 2.52466346126106e-06 1.51883592473172e-07
2.86195590148181e-06 5.98178803894399e-06 2.66212178382473e-06 2.90253403350965e-07 1.33177018136439e-07 1.47966272191146e-06 9.38465353060156e-06 2.46841125179386e-05 2.4793442337613e-05 3.25229316935519e-05 6.99992403357192e-05 0.000100960500533902 6.63854703277912e-05 3.12591940150798e-05 1.15160048002893e-05 2.10131891062541e-06 1.61740725154384e-07 0 0 0 0 0 0 0 0 0 0 0 0 0 0 0 0 0 0 0 0 1.75983610089568e-06 5.47476159384574e-06 4.23333886992167e-06 3.99015750718423e-06 1.5851018949645e-05 2.48490292567991e-05 4.90732267477355e-05 7.25361034242152e-05 1.7675975336846e-05 3.09081841246581e-06 5.53940795337597e-06 9.2322994019495e-06 1.30975004279805e-05 1.91249661139171e-05 4.93711680152128e-05 7.50223919716216e-05 2.62990389007667e-05 2.86444220679303e-05 1.46350571879259e-05 2.0421536172772e-06 1.17432682595166e-07
1.60531029098116e-05 3.5113845018986e-05 1.02573279286873e-05 9.53009352045998e-07 3.14401331693056e-08 6.74028240580226e-07 7.9323695969068e-06 3.29283997401993e-05 6.34253695579249e-05 5.70062771414443e-05 7.10019618241508e-05 6.49359151692399e-05 2.90949698524773e-05 1.01312445472189e-05 6.17848336669411e-06 3.81815293786994e-06 7.15835601991178e-07 0 0 0 0 0 0 0 0 0 0 0 0 0 0 0 0 0 0 0 0 6.67736725852285e-06 2.25749835362028e-05 2.20225788643197e-05 1.73170175395729e-05 3.59220281227502e-05 4.53027151505067e-05 4.73567880669239e-05 3.74203994853704e-05 9.18727647472685e-06 1.50485255283195e-06 2.99592223005212e-06 1.05559471989989e-05 1.96930263182788e-05 4.55247461775755e-05 6.5551936623547e-05 5.76898083065372e-05 2.64460183668409e-05 1.85140892855119e-05 5.07525820262727e-06 8.80779814867624e-07 2.38309075928973e-07
3.4015320239953e-05 3.96075658482749e-05 1.21259540314102e-05 1.34630082169206e-06 1.06496903749614e-07 3.88993241341415e-07 4.48801740984222e-06 2.10634432723781e-05 5.11789470888484e-05 5.4385088381756e-05 5.33857233798832e-05 3.95251885039086e-05 1.86973381779303e-05 1.18700610468524e-05 2.66991667437714e-05 2.57443506259308e-05 3.72795341519983e-06 6.9296875150616e-08 3.45588894545711e-07 8.35959741343245e-07 9.07640787732856e-07 1.09242496541546e-06 8.67164984772902e-07 1.87672514576581e-07 0 0 0 0 0 0 0 0 0 0 0 0 0 5.95598854098312e-06 3.28491143867806e-05 4.80733066776082e-05 3.76329682750815e-05 6.60028383106724e-05 7.4318833645885e-05 4.44950163344812e-05 2.13939677914495e-05 4.23699803631717e-06 3.34918359279782e-06 8.66285432091942e-06 2.82077062862608e-05 2.77517586934264e-05 3.07696256773032e-05 4.43750023822313e-05 4.22025248389729e-05 3.43909040078274e-05 1.81092116973768e-05 3.56361735596458e-06 3.82860167866473e-06 2.66840215760637e-06
2.77941413211501e-05 4.10159267467076e-05 1.88558194778005e-05 5.01737371064975e-06 1.38889614020876e-06 7.67184421386306e-07 5.3889919070016e-06 2.00526043763865e-05 3.208793327071e-05 3.85247506184299e-05 5.5332303044743e-05 3.88442650420246e-05 3.60289439543114e-05 3.6049470303855e-05 5.24616502202292e-05 4.23749461751393e-05 8.56974441520376e-06 1.05437042652642e-06 3.2595356459225e-06 7.84754846210485e-06 8.14021378719715e-06 1.20895570138732e-05 9.66942775951949e-06 1.74140965092708e-06 1.01830533817582e-07 0 0 0 0 0 0 0 0 0 0 0 0 2.30409181666656e-06 1.52024673291305e-05 3.38943265363546e-05 4.60167750695941e-05 7.61440098252137e-05 0.00010073868184838 5.57614229594942e-05 2.11140606543063e-05 8.51567555181427e-06 1.51419285678155e-05 1.62264741950041e-05 2.24250629534381e-05 6.42893463344867e-05 4.37762662749082e-05 5.36046177125208e-05 4.9444302914349e-05 3.37580516919526e-05 1.41477286809412e-05 4.32476168479348e-06 1.65049061171891e-05 1.3072823173722e-05
2.60524321336e-05 5.96569105956504e-05 5.38687407946701e-05 2.6131208984893e-05 1.00043984125618e-05 2.58034514251907e-06 8.21491144561347e-06 2.36366260786374e-05 2.86676902311334e-05 3.52660827323162e-05 6.09057396623488e-05 6.51434063882745e-05 6.10777363154212e-05 5.73621503983504e-05 7.24493265120067e-05 5.80553486917674e-05 1.39843672507802e-05 8.57574492655175e-06 1.51295531534445e-05 1.3620306737121e-05 2.39826757450269e-05 4.49542812983263e-05 3.23357321307722e-05 5.33093698299292e-06 3.02851345609573e-07 0 0 0 0 0 0 0 0 0 0 0 0 3.91894922341654e-07 2.80164601268945e-06 1.22653143475018e-05 3.00791654722555e-05 6.06951452764957e-05 8.66844505033459e-05 6.5952867266611e-05 2.61994022864484e-05 1.56692359589589e-05 1.4016852713504e-05 7.13108573077502e-06 1.08214952046873e-05 3.13679128871453e-05 4.1615791616991e-05 3.96315902454086e-05 5.12775853253667e-05 3.05238477872279e-05 9.31976083625036e-06 3.06819123202459e-06 1.15226507181814e-05 1.45889921107423e-05
3.79786454124412e-05 8.27607214414383e-05 0.000102997511620753 7.05002322761954e-05 2.60679777700148e-05 6.79214857488756e-06 8.53965431414184e-06 1.22964810574599e-05 1.31592713290617e-05 1.57931260757643e-05 3.29758189604063e-05 6.89310505955852e-05 6.926867365532e-05 8.06468874180558e-05 9.72312092738241e-05 7.78856873477963e-05 2.92134024189956e-05 2.92149037109858e-05 3.07095367447917e-05 1.09162591392954e-05 3.30263152703997e-05 9.22360345680619e-05 7.31458067861764e-05 8.49618483297358e-06 4.88435907733533e-07 0 0 0 0 0 0 0 0 0 0 0 0 6.66975683968939e-07 3.86772956682097e-06 1.52553729706244e-05 5.69376349424079e-05 9.00291353424472e-05 7.60832354392872e-05 6.42361715407688e-05 2.7145212514993e-05 1.69748328618679e-05 6.7847589959196e-06 2.83650169136548e-06 2.96408869313059e-06 1.05547290290714e-05 1.64926350109465e-05 1.70320700846561e-05 2.95323114829169e-05 2.78994124370446e-05 1.00468071173177e-05 3.16936010480869e-06 1.04836467648895e-05 8.71787685862528e-06
5.07552847243842e-05 0.000130893066519694 0.000120818726713104 7.58646279540025e-05 2.90234386908145e-05 1.84812024227585e-05 3.54884639366731e-05 2.71536055940351e-05 1.32604045787573e-05 1.58096998923014e-05 2.08833497008424e-05 3.89806777221676e-05 6.57655298680902e-05 0.000122928410763094 0.00010298398881697 7.00033232538861e-05 3.41704301521033e-05 3.70684675855999e-05 3.53750660999929e-05 1.21064130211505e-05 4.99537885167054e-05 0.0001351976692617 6.55062869162317e-05 1.07571762050421e-05 6.21196872061697e-07 0 0 0 0 0 0 0 0 1.45202167907853e-07 1.33220819401275e-07 3.77111922700112e-07 2.07150191990848e-06 5.6792907414319e-06 1.92473344496356e-05 4.44374568740822e-05 7.56524875726757e-05 9.32815074879568e-05 8.93440619071709e-05 8.51096883378689e-05 6.17372058304774e-05 2.62945555138927e-05 1.59555617712861e-05 1.34767480188633e-05 4.62645012864954e-06 1.70256267294239e-06 3.14863701337118e-06 1.43514741205808e-05 2.38595698018294e-05 2.90953461067974e-05 1.21035240585241e-05 4.6837693078243e-06 1.30671020591464e-05 5.77996904004984e-06
2.79808621841266e-05 5.90795241270269e-05 6.34563118191426e-05 4.76842783370473e-05 3.50687578305057e-05 3.9433278141669e-05 8.22055116259606e-05 6.30006566615966e-05 4.83584105947175e-05 3.37016694232878e-05 4.69751208999924e-05 4.13100421410485e-05 5.34830354130553e-05 6.52363970847006e-05 6.03784471723665e-05 6.20531737777081e-05 3.82439643127763e-05 3.3625841139266e-05 3.40992361292125e-05 2.14218758037192e-05 5.82265555832966e-05 0.000116883859033205 6.52833282918786e-05 7.91705120320019e-06 4.10555570833928e-07 0 0 0 0 0 0 9.80361946815285e-08 9.47713386225681e-07 2.88222893128515e-06 2.74804979550655e-06 3.86022124422475e-06 1.58114340149352e-05 2.65711396920898e-05 3.82750257832835e-05 6.53047561616744e-05 8.74761566481208e-05 8.03808271849514e-05 7.96698331797794e-05 0.000122969537967988 0.000104633688922088 4.42098826150495e-05 2.73285508143786e-05 2.95480005430081e-05 9.84756834761637e-06 1.10633473372802e-06 1.21862953523394e-06 9.88710205958448e-06 3.09254582957713e-05 3.34127061054295e-05 1.90022122106527e-05 6.98621850429996e-06 1.55471647151417e-05 5.22722722939475e-06
7.12046259982814e-06 1.97138078502078e-05 2.0845342426574e-05 1.58813297741571e-05 3.51049453004634e-05 5.64565584038663e-05 9.37797278124511e-05 0.000103400163347935 0.000107597522432833 6.61298707098444e-05 6.2534466383087e-05 6.05715438696885e-05 5.32954372442136e-05 3.7411190567753e-05 3.09189502136202e-05 2.74548102158136e-05 3.16235758350272e-05 4.21153753977345e-05 4.03788983804084e-05 3.1744174657854e-05 4.71521802225802e-05 5.60852996980283e-05 2.01787967225962e-05 2.47871689487507e-06 1.12945934228747e-07 0 0 0 0 0 0 4.22961311396208e-07 5.06991986162981e-06 2.06325780591222e-05 2.29364745308787e-05 2.27235015471702e-05 4.60677072385524e-05 7.55527988042932e-05 6.07710741433556e-05 7.78620839084662e-05 6.56712576718015e-05 6.12546764287194e-05 7.89745748008275e-05 0.00010386879741688 8.10555070602955e-05 3.39767783865268e-05 2.7010187505486e-05 2.49251127232063e-05 8.36952030621858e-06 8.28127202075752e-07 8.97185818718344e-07 9.65421926187669e-06 2.24459543814309e-05 1.77449230096869e-05 1.94669552138814e-05 1.05671836058611e-05 1.46802952506633e-05 4.64182533303319e-06
1.07454694802797e-06 5.41753414994458e-06 1.04508539657162e-05 8.62001627645672e-06 1.37958591797832e-05 2.31033843000488e-05 5.23373894370392e-05 5.16138188518202e-05 5.8723740277088e-05 4.31728363018094e-05 2.90756579475709e-05 4.4175095854244e-05 4.49256859699965e-05 3.65929380043125e-05 2.02800165852912e-05 2.09778696289359e-05 3.55614237471653e-05 4.49231863002064e-05 4.47094067911483e-05 1.93151514968709e-05 1.72210521988436e-05 1.33903436356845e-05 3.88870434818425e-06 4.65455144856113e-07 0 0 5.80904525097019e-08 1.94876862215608e-07 1.7075533104774e-07 4.96446373268516e-08 0 5.95235091142216e-07 8.20420402997359e-06 4.11407425981521e-05 6.84853121608133e-05 5.11961542047362e-05 8.29816237055468e-05 0.000115850567812585 0.00012039268761343 8.70923846921707e-05 6.33836612077452e-05 6.77204281061862e-05 5.91651573751139e-05 5.78391812716281e-05 5.58048188661791e-05 2.02418845137979e-05 1.7963085322781e-05 1.73379406325333e-05 1.29922004410862e-05 8.94554518123803e-06 2.29483353895272e-06 2.98469141112533e-06 6.41124322982206e-06 1.20465476060568e-05 2.42444295425465e-05 1.93712543687633e-05 1.69002301983542e-05 5.78718958397051e-06
