simulations/projFolders/pop500/sim2/UDs_popWinter/averageUD_winter.asc
NCOLS 105
NROWS 160
XLLCORNER -966681.416248582
YLLCORNER 1740746.90199862
CELLSIZE 500
NODATA_VALUE -9999
[rows 88 to 109 of 160, columns 0 to 49 of 105]
0 0 0 0 0 0 0 0 0 0 0 0 0 2.30537567344045e-07 2.20125471184431e-06 5.81668130901927e-06 4.72600525121961e-06 5.76726318681555e-06 1.74008010972249e-05 9.5106311466916e-06 2.25282558072172e-06 4.63378163719682e-06 1.64747731717228e-05 4.16666981655599e-05 8.19301226115694e-05 0.000110006978211906 0.000171977972841653 0.00028337253515823 0.000314297936929488 0.000262571057927558 0.000186619211265269 0.000167558540830222 0.000233235343929844 0.000332351485378976 0.000398638100907032 0.000471383182072703 0.000543124943055264 0.000597368687086513 0.000665953474506078 0.000778355566356428 0.00104893420415789 0.00105896024309977 0.000897215257481569 0.000834371342612051 0.0009220990478042 0.00106671672771015 0.00112168942610581 0.00119996916331575 0.00117885669381608 0.00107268895347876
0 0 0 0 0 0 0 0 0 0 0 0 0 7.56678287674072e-07 9.09958500178048e-06 2.87701785489478e-05 2.70046117150427e-05 2.07478163593419e-05 2.83723774444968e-05 1.32377449883356e-05 1.12839380497172e-05 1.75899922168919e-05 2.66841545165855e-05 7.3536835528046e-05 0.000112926520668821 0.000139900658081324 0.000178282049752795 0.000208670389185712 0.00023798744038853 0.000225790509564222 0.000189118511554474 0.000170230924369428 0.00024849778740902 0.000394520622575331 0.000420943784956248 0.000498145574759586 0.000533384206916007 0.000521897793658827 0.000523438845884883 0.000549903556786829 0.000755500499678976 0.000866739871205711 0.000855733562692789 0.000818553705279149 0.00102987533844046 0.00109367265650031 0.00110304042405557 0.00124437058288603 0.00134953530662412 0.00115751925848096
0 0 0 0 0 0 0 0 0 0 0 0 0 6.59061828456501e-07 7.70432362132247e-06 3.96786841053066e-05 4.99751318581605e-05 4.50213388422573e-05 3.98100760454306e-05 3.16219447403846e-05 4.69164976844353e-05 5.01703156129501e-05 4.7601739410644e-05 6.06147448749097e-05 8.69472134464531e-05 0.000140518922060213 0.000202665872458923 0.000193731701205718 0.00022621328554961 0.000263419147783272 0.000200682322758913 0.000211504104732214 0.000314892071399126 0.000433980202312979 0.000345134454769457 0.00032684671714595 0.000337905387280642 0.000335550828249227 0.00033758788353708 0.000424249909098297 0.000567780932598342 0.000762581992273758 0.000916177417276769 0.000987498120103887 0.000935676117478586 0.000877448966156121 0.000896711979702711 0.00112644040811699 0.00124647985522551 0.00110625692836688
0 0 0 0 0 0 0 0 0 0 0 0 0 2.30339253843365e-07 3.36094701837044e-06 1.97154410946979e-05 4.61585172331792e-05 5.84753324067167e-05 4.9764850222115e-05 3.97252445005707e-05 5.35302943905372e-05 5.90919274682848e-05 3.8417862980165e-05 5.31599350295202e-05 0.000107311153625473 0.000213921526012863 0.000260640619953254 0.000245667722856194 0.00024399901175831 0.000287592089470881 0.000271853529664565 0.000303570421202542 0.000403468775319598 0.000425795183471605 0.000345577654811696 0.000286863050668979 0.000288073140832686 0.000300117938844816 0.000277267904240567 0.000375572208808471 0.000516925868301718 0.000633790953592754 0.000838264493910999 0.0010114503250682 0.000977079845674006 0.000874706197995211 0.000831065404707233 0.000964769048070297 0.000970065030333133 0.000950926140168703
0 0 0 0 0 0 0 0 0 0 0 0 0 1.0458790345187e-07 2.26487969243981e-06 2.03889633941438e-05 4.17123758125425e-05 3.64165962178683e-05 3.32186922228044e-05 3.77086952696114e-05 4.62390730269875e-05 6.69971587020072e-05 5.17017489266362e-05 6.72416889999485e-05 0.000154671222862544 0.000278524679190219 0.00028548948036244 0.000311322637068617 0.000302214423559636 0.000281771276527521 0.000244773812964825 0.000288701722239522 0.000373482108484521 0.000375575109792798 0.00039301496356114 0.00036494008506586 0.000322355656089414 0.000386221495736554 0.000344310874195238 0.000351031304560328 0.000460733577059762 0.000584895807100544 0.000773939713808733 0.00106530297626785 0.0010854324805524 0.000958213715226113 0.000862040007926314 0.000932031549114118 0.000818867121187817 0.000780937492838645
0 0 0 0 0 0 0 0 0 0 0 0 0 6.89162770688756e-08 1.75120914309302e-06 1.53511173663021e-05 4.59467027565917e-05 3.35354146867711e-05 2.62279572566403e-05 3.25927517757599e-05 4.94200871197293e-05 7.72188563404446e-05 8.23668280430946e-05 9.37677936664326e-05 0.000183611968964588 0.000254741276839048 0.000233142173377223 0.000201301104802355 0.000243089582020162 0.000303755454625388 0.000248788937930606 0.000245642649275072 0.000327132167969743 0.000286660094590748 0.00033991718306301 0.000355579500981691 0.000323144282039217 0.000329315905402544 0.000346051016641364 0.000417749928208968 0.000439194181439423 0.000628877732340588 0.000868309825914641 0.00103479061026484 0.00102904232773587 0.000912567466432507 0.000777877423189423 0.000868153543190917 0.000767666343170393 0.000789905694067564
0 0 0 0 0 0 0 0 0 0 0 0 0 2.53966882089353e-08 7.73350242323886e-07 8.29148199193258e-06 2.63346064279698e-05 2.96723328060592e-05 4.03485801256861e-05 6.00940771826464e-05 5.53617205370242e-05 5.82202281651233e-05 6.99654159652353e-05 0.000108165596721865 0.000207491208919756 0.000236502050054934 0.000188312400956478 0.000137700799278319 0.000202638176227957 0.000277029134653871 0.000247379605795819 0.000254001722975999 0.000288261237199038 0.000290430621015563 0.000418201672686537 0.000406938481598851 0.000363135606839926 0.000357245177437725 0.000373336360270578 0.000419438945260359 0.000480962790332564 0.000589212266803079 0.000849467421031203 0.000914304979787747 0.000904750299880893 0.000815185521967139 0.000689412397247489 0.00071906122820842 0.000627067146097395 0.0006663759305858
0 0 0 0 0 0 0 0 0 0 0 0 0 0 1.23056030101684e-07 1.16080557897251e-06 3.72581742606859e-06 1.2446337376273e-05 3.85434191930113e-05 8.62387983245752e-05 0.000131089256793033 9.09782117577764e-05 4.78464075297743e-05 0.000118632210896996 0.000211723813448188 0.000203993941944257 0.000152413968171774 8.54939352207231e-05 0.000133187492194204 0.000155781905269015 0.000166368444019417 0.000205974634293857 0.000274331346637543 0.000389705877271246 0.000496416798969056 0.000481665386560092 0.000448886068551866 0.000446300852098077 0.000402615084964677 0.000454005140856648 0.000467165668158665 0.000604534431281401 0.000788640302342283 0.000802785424110033 0.000904461994542496 0.000885145707716656 0.000789337424026527 0.000692237972901905 0.000575799035296843 0.000583229262764647
0 0 0 0 0 0 0 0 0 0 0 0 0 0 0 6.03647240338529e-08 4.84530581035163e-07 4.11255517867366e-06 1.94168128022636e-05 5.93967214071998e-05 0.000117873160923627 8.67848977278694e-05 5.364394368065e-05 0.000125734629134956 0.000163162558428001 0.000109877004377749 0.000100709864174091 6.70402269905013e-05 8.17513482621372e-05 0.000112285403680143 0.000144048299584704 0.000195576317091749 0.000232563351009403 0.000381549150607241 0.00056448359522103 0.00052267230348143 0.000518654440583713 0.000550749758402395 0.000457904322963121 0.000515012442713207 0.000517653776390703 0.000568942434963033 0.000737418068846447 0.00079929618210378 0.000743979619180129 0.000741218967038279 0.000761113971371746 0.000713389900785545 0.000664453042607138 0.000645022437332277
0 0 0 0 0 0 0 0 0 0 0 0 0 0 0 0 5.62041313823122e-08 6.0010340514793e-07 3.7829964411835e-06 2.19587235567002e-05 7.23928600739469e-05 7.65017144531964e-05 5.59594930236674e-05 0.000136505160152322 0.000143182707371116 8.45988435101113e-05 7.42418992401653e-05 7.22286851335526e-05 0.000118314755867789 0.000146959999214149 0.000151043261329268 0.000175519173126057 0.000199121598212485 0.000334184424166128 0.000439152882247272 0.000470367886569219 0.000574699155454616 0.000545108984619103 0.000482834571715747 0.000550932904758341 0.000486730663522933 0.000517815428509211 0.000674507549016935 0.000792288573792644 0.000664543699598347 0.000614619570722392 0.000655762300193764 0.000729527096779795 0.000705017277932777 0.000679885927818095
0 0 0 0 0 0 0 0 0 0 0 0 0 0 0 0 0 6.54458708425002e-08 1.35579234448567e-06 1.33487858658343e-05 4.8619078925253e-05 4.73435291664282e-05 4.97760309242434e-05 9.26215154663366e-05 0.000101759828289555 5.18759350935778e-05 3.51769071548231e-05 6.10182187397399e-05 0.000117059978174868 0.000175056631149219 0.000155580528381906 0.00014312769640947 0.000164424118659468 0.000212937834638989 0.000308991799912746 0.00038935605455161 0.000520641241665435 0.000476518515558853 0.000386428292489036 0.000471806101829195 0.00045835394192065 0.000510809778379276 0.000654426967629262 0.000833841911560898 0.000794435601299902 0.000615057784012458 0.000566121359972252 0.000678385217901177 0.000662316677628316 0.00063577024505858
0 0 0 0 0 0 0 0 0 0 0 0 0 0 0 0 0 5.47744548242115e-08 1.43992644697171e-06 1.42112914435799e-05 5.75654655545007e-05 5.7051796700452e-05 5.28240935972193e-05 7.07843646120875e-05 3.49291596594373e-05 1.94709891024315e-05 2.53313722284881e-05 5.98838140420851e-05 0.000101135821622877 0.000112324485049456 0.000145028851670269 0.000143037464024957 0.00015559682427141 0.000163738099493551 0.000181290661084927 0.000260361936253892 0.000372945436674111 0.000355700306156106 0.000317065577192068 0.00044764201744855 0.000470499687234443 0.000454661902225578 0.000636294629008039 0.000770239792590829 0.000860138021207279 0.000667944033570793 0.000618242654591927 0.000600702401628904 0.000563505700344288 0.000562597708992019
0 0 0 0 0 0 0 0 0 0 0 0 0 0 0 0 0 8.57132981540875e-08 2.27487388415142e-06 2.3714715841568e-05 6.81694671334073e-05 8.90282558743828e-05 5.48417508219176e-05 2.04039155934479e-05 1.8785594579294e-05 3.75021766860834e-05 4.02879452271562e-05 7.36799890754781e-05 8.79206919697191e-05 9.31396744247861e-05 9.77091687127672e-05 0.000136735469751181 0.000171082628487965 0.00014493233442271 0.000112033001110751 0.000112608671020777 0.000162586063664487 0.000244508624376948 0.000374936851516952 0.000441152499082497 0.000448600450399239 0.000444730453481154 0.000568913050971836 0.000673500702120781 0.000693640514205372 0.000574277721703327 0.000549470822973147 0.000638826086137697 0.000552387954203175 0.000529904389135688
0 0 0 0 0 0 0 0 0 0 0 0 0 0 0 0 0 7.54572902027465e-08 1.7345232004147e-06 1.59890995668506e-05 6.31056988913092e-05 0.000112121645666672 4.04826345660741e-05 1.86683462767661e-05 4.73685221972418e-05 4.5992363472421e-05 6.42823819849477e-05 7.39364935605621e-05 8.17614662451726e-05 8.77839707162432e-05 9.33825509648648e-05 0.000107282455142261 9.84990125323641e-05 0.000126571817830834 9.13865022701661e-05 4.87396447861467e-05 5.73634297102855e-05 0.000123596685624398 0.000319823999944126 0.000476198925112484 0.000469314696792554 0.000425651452757017 0.000429447912673822 0.000548328027577509 0.000490175454822389 0.000498918195721764 0.000478560819598836 0.000566294207588548 0.000573536307305158 0.000551893819789192
0 0 0 0 0 0 0 0 0 0 0 0 0 0 0 0 0 1.93523956063083e-08 4.42847725819921e-07 4.1987155553192e-06 1.89440678282827e-05 2.76005449887587e-05 2.3685637389659e-05 3.9724969462097e-05 6.17007435342456e-05 7.08860712454199e-05 7.76832417848257e-05 9.48734280653541e-05 9.9101392235403e-05 0.000114097233257163 0.000100358217164517 0.000119128522524879 0.00014234202499868 0.000154515114041482 0.000133472110899467 9.39833083658247e-05 8.15487334990786e-05 0.000104018785754495 0.000235608490719203 0.000400522980560057 0.000403508793839527 0.000305322942397243 0.000332410705026443 0.000422556437998513 0.000413453593396826 0.000419966179371581 0.00048985249622974 0.000561468671862882 0.00052165021687014 0.000432214955092792
0 0 0 0 0 0 0 0 0 0 0 0 0 0 0 0 0 0 4.07706975132193e-08 4.51884465174383e-07 2.4841029656168e-06 9.22811763244401e-06 5.25412819124097e-05 5.07274105197856e-05 7.1819468877429e-05 8.30612745559937e-05 6.60275588571391e-05 6.99196204113595e-05 9.99629560350231e-05 0.000110430784269166 7.84927900108582e-05 0.000107049610088633 0.000128455229201071 0.00018597609005404 0.000219460881428989 0.000145930989607407 0.000116624742494056 0.000112466745009249 0.000148354869562817 0.000215592282262379 0.000264037765468288 0.000253960810189948 0.000288811034476821 0.000385512119475227 0.000412220571928568 0.000450701040782325 0.000582392471927227 0.000581199134308495 0.000460812585082764 0.000444670505709509
0 0 0 0 0 0 0 0 0 0 0 0 0 0 0 0 0 3.71463611275983e-08 4.06227845709191e-08 4.251942117464e-08 8.59989558879247e-07 8.23154896865376e-06 2.8992399005525e-05 5.40866233500389e-05 0.000110866988878339 0.000145129242757714 8.42047831755575e-05 6.16413399241946e-05 6.08951197050907e-05 5.99125678662313e-05 5.73845347931312e-05 8.73419029803553e-05 0.000134473246079765 0.000161958505943051 0.000163175242338424 0.000115313855580982 9.34627815561096e-05 0.000125526693573235 0.000128950413668523 0.000139210575282166 0.000205230699660404 0.000257828920346723 0.000292505689780429 0.000347879435070683 0.000378848342378198 0.000478024632452694 0.000561943867115633 0.000620464775873451 0.000438020492411437 0.000427675263390035
0 0 0 0 0 0 0 0 0 0 0 0 0 0 0 2.03988038212242e-08 2.57989246098175e-07 9.49100299956774e-07 1.12420984048914e-06 7.62291135999174e-07 9.39630495605229e-07 6.41555911366821e-06 2.37732393663382e-05 5.03795163109048e-05 0.000104586808856806 0.00020427579779561 0.000175879584033851 0.000119738230450553 5.55808222707863e-05 4.19378854639838e-05 5.23614836029108e-05 8.61339480719197e-05 0.00011717659273785 9.9008663478928e-05 7.20707318426846e-05 6.5408792737131e-05 9.16905132960331e-05 0.000142574673703315 0.000136698602528529 0.00014762379241958 0.000143569842212746 0.000217317073512965 0.000246820057958127 0.000270732813233242 0.00033428211747401 0.000399711287871029 0.000508588531032121 0.00049792932966137 0.000370729465061065 0.000341416567880708
0 0 0 0 0 0 0 0 0 0 0 0 0 0 0 1.67783946337244e-07 2.20932578610447e-06 9.19117685167976e-06 1.2170664962936e-05 9.13503486425141e-06 5.19089022283265e-06 7.53127061565731e-06 1.92186625085883e-05 4.72785980022842e-05 7.90971329364268e-05 0.000143925143368303 0.000172102406576148 0.000131833939313074 7.4689765441333e-05 4.07478506879935e-05 4.55521009816522e-05 7.46707220811123e-05 7.50361886698633e-05 5.21634176703261e-05 4.53463805415705e-05 4.87348967163066e-05 0.000101816943179836 0.000137040856475095 0.000111044684024996 0.000112651129427591 0.000128261753033497 0.000163472467343289 0.000185474081767895 0.000192536817387785 0.000225539878570454 0.000330469177207622 0.000416447960848675 0.000371247632689727 0.000303736501432472 0.000280701627648889
0 0 0 0 0 0 0 0 0 0 0 0 0 0 1.31598562768257e-08 4.878019970968e-07 6.19487184869803e-06 3.0223423607225e-05 3.80221493443149e-05 3.35182547481962e-05 2.07975450849001e-05 2.20498435461964e-05 2.67626322968997e-05 2.99680256643266e-05 5.10780552152668e-05 0.000110015693092 0.000134997104957924 0.000135656514198805 9.64697475213775e-05 4.47342583385647e-05 4.81499777126456e-05 8.15390209760571e-05 6.14477778857694e-05 3.14590657753703e-05 2.61598878428298e-05 7.06454237731723e-05 0.000106551129572365 0.000118050485694938 6.72923856988986e-05 7.9602089486071e-05 0.000135069184741327 0.000177162628069034 0.000129923336763375 0.000118803258794262 0.00016466637157722 0.000234174091569847 0.00028443218172882 0.00027654413473719 0.000253098885186326 0.000266915189323801
0 0 0 0 0 0 0 0 0 0 0 0 0 0 1.29370237084864e-08 4.66059165652508e-07 6.06558937421389e-06 2.20104064735059e-05 4.54802811027309e-05 4.31702285892564e-05 1.95443853685012e-05 1.65533874653728e-05 1.96730927512957e-05 1.17281756798919e-05 1.68592142537557e-05 4.52272158027392e-05 0.000107907817307108 0.000126200138236394 0.000102583311937104 6.67216550981628e-05 3.25095979230252e-05 5.36944493275051e-05 6.75484232930585e-05 3.56595170649476e-05 4.44651471800757e-05 6.02788885287147e-05 6.62029478526514e-05 6.29052489075393e-05 2.89634285506549e-05 4.44624847653042e-05 0.000109954889500393 0.000158203118104837 0.000127560598478762 0.000112525353837346 0.00014586645743677 0.000203504259274008 0.000263272665445215 0.000233988122864486 0.000192836986149603 0.000198283465494759
0 0 0 0 0 0 0 0 0 0 0 0 0 0 0 1.16961848076699e-07 1.2157765446789e-06 4.76631615186748e-06 1.41656128652746e-05 1.47901242560364e-05 4.76683676118655e-06 3.03012668076201e-06 3.15359297300962e-06 1.60299282246422e-06 2.35406308577309e-06 1.15297020390223e-05 4.98988142514537e-05 9.45048330658504e-05 8.79358590780737e-05 8.76676185061029e-05 5.26597889883464e-05 3.74605162953873e-05 2.84438024026288e-05 2.66662933794235e-05 1.89132379114953e-05 2.43734960177053e-05 2.62802159345237e-05 2.70183822961021e-05 2.98085662575089e-05 2.21326147817862e-05 3.9623004941542e-05 9.83468509546873e-05 9.12517495215653e-05 9.43973962721094e-05 0.000155332865131195 0.000287571170539773 0.000273938969615792 0.000219715822714597 0.00016854721355569 0.000200834345049296
