simulations/projFolders/pop500/sim2/UDs_popWinter/averageUD_winter.asc
NCOLS 105
NROWS 160
XLLCORNER -966681.416248582
YLLCORNER 1740746.90199862
CELLSIZE 500
NODATA_VALUE -9999
[rows 66 to 87 of 160, columns 50 to 99 of 105]
0.000752064276496273 0.00064569075375863 0.000484039772586914 0.00039827128335667 0.000343647230588953 0.000328202304188378 0.000458525627470109 0.000498513411988113 0.000344651015849455 0.000278871772330719 0.000320216505513858 0.000347264693868545 0.00028612939162126 0.000278594021321811 0.000228082791318842 0.000181870202835771 0.000185958880908164 0.000152308209061063 7.63187343365108e-05 4.43249162083745e-05 6.57711056821082e-05 0.000104071635260145 7.23811759774152e-05 2.39287449450298e-05 2.3883724229708e-05 3.16797166514574e-05 3.70397176497056e-05 2.77137167213935e-05 7.50522827534076e-06 6.32000915919875e-07 0 0 0 0 0 0 0 0 0 0 0 0 0 0 0 0 0 0 0 0
0.000765250945200769 0.000657694225663023 0.000518362521077081 0.000424261767677749 0.000372768091821157 0.000409666979861563 0.000455109081167074 0.000436058035319644 0.000354941184205326 0.000268004797503853 0.000304023731768141 0.000349557742560029 0.000321888145455711 0.000348908092502886 0.00031215926688182 0.000192749560287478 0.00020739324644146 0.000185017055470788 0.00013414550657906 0.000134254885136713 0.000147804004800188 0.000131853764842376 7.0761075923413e-05 3.53776565806286e-05 5.52838749210112e-05 6.58202431924547e-05 4.18044961880028e-05 2.39259630845001e-05 5.05117043080942e-06 3.83564270932894e-07 0 0 0 0 0 0 0 0 0 0 0 0 0 0 0 0 0 0 0 0
0.000683968872441347 0.000665352856354213 0.000632174096456706 0.000536253445871269 0.000490808301526544 0.000467541155712833 0.000445222505703424 0.00042479222583673 0.000346344635269635 0.000372005907256109 0.000397649325443223 0.000371209498059834 0.000382263460993739 0.000408343255633594 0.000358785844689226 0.000188449664428867 0.000185585546451735 0.000183138858846674 0.000185560495777147 0.000169412327085845 0.000166963062671292 0.00015161183763537 6.57620224930403e-05 3.1905499191327e-05 5.16582830325244e-05 6.87106679946011e-05 3.14631676219401e-05 6.28368463203538e-06 9.49030843665407e-07 6.97579234656771e-08 0 0 0 0 0 0 0 0 0 0 0 0 0 0 0 0 0 0 0 0
0.000664034041534078 0.000687566853745984 0.00065027148105378 0.000547007588399836 0.000571813357011909 0.00055050167505972 0.000432838067301444 0.000413175688719693 0.000412885758681789 0.000419762176892412 0.000504480538105334 0.000380932691305947 0.000357827398268921 0.000359969293390258 0.000271023770265287 0.000155793250028526 0.000107017402889458 0.000131451075469477 0.000130938414872159 0.000115162974717364 9.29543461237485e-05 8.65745915645708e-05 3.76398696946302e-05 1.62625280202903e-05 1.57091384712664e-05 1.60616701426986e-05 7.49620795054667e-06 1.18003331559705e-06 7.10551175685838e-08 0 0 0 0 5.62239037971236e-08 2.27547410699869e-07 3.90905944994336e-07 3.31667717459827e-07 1.35762762475784e-07 1.80015904287248e-08 0 0 0 0 0 0 0 0 0 0 0
0.000769790304507769 0.00076535422040869 0.000654123852635756 0.000578771633745628 0.000667441119428835 0.000545708344296782 0.000421438053462492 0.000403463392131418 0.000443180418934449 0.000501805347105142 0.000523714166238278 0.000403888457480498 0.00029725297669471 0.000222053382203194 0.000175408286833554 0.000127234805895166 5.5681566045725e-05 6.88662145587619e-05 7.27223357927607e-05 6.27342010830325e-05 4.52450231996782e-05 3.72103080056535e-05 2.4913730326138e-05 6.51867448153366e-06 1.79744722798676e-06 1.27364724142827e-06 6.0307953374583e-07 9.67439809503876e-08 0 0 0 0 8.69171635487014e-08 9.12061601173965e-07 3.55317955744096e-06 5.80201297847289e-06 4.54939389482841e-06 1.87501823480758e-06 2.09512480014375e-07 0 0 0 0 0 0 0 0 0 0 0
0.000723892171671346 0.000619846731208296 0.000578626554039394 0.000569095458750782 0.000635124540062034 0.000660572668992974 0.000549683728677848 0.000506098620720009 0.000539958635464561 0.00053353661433465 0.000497341398693201 0.000404889965870128 0.000283659092893463 0.000240053428067081 0.000233089250171578 0.000169015542730987 5.86558547031018e-05 3.49060972348546e-05 3.30867291109129e-05 3.2261467544922e-05 2.41916991991012e-05 1.3671099222924e-05 1.73833084363843e-05 5.26063237202222e-06 4.73690437378834e-07 2.51719720770692e-08 0 0 0 0 0 1.85630997245273e-08 4.44309756742534e-07 4.73760347689956e-06 1.91963519851032e-05 2.89569832309155e-05 2.0710250357359e-05 8.17215349312334e-06 6.37751421725023e-07 1.87039895487422e-08 0 0 0 0 0 0 0 0 0 0
0.000552366147481547 0.00049756914778435 0.000544240546110923 0.000634147712146269 0.000652937602767441 0.000662757662359741 0.000782754747973564 0.000829910980630575 0.000732511698395862 0.00067392306689633 0.00058823109215111 0.000415680173936328 0.000336226500585053 0.000346633403919185 0.000404419239377756 0.0003086609081507 0.000139126628360966 6.90034381425324e-05 2.78809335068349e-05 3.41025834479592e-05 3.96513596866891e-05 3.09736387145028e-05 3.45076109389233e-05 6.26299233973093e-06 5.86838519513476e-07 0 0 0 0 0 4.59326220032782e-08 1.8281406659993e-07 1.10079930135245e-06 7.83073436264854e-06 2.41920463677807e-05 3.02897710274233e-05 2.57133934579863e-05 6.33223727180516e-06 5.39693049945912e-07 1.94168278489439e-08 0 0 0 0 0 0 0 0 0 0
0.000491191897420608 0.000457594834143436 0.00052014848159799 0.000652256398535595 0.000700447281618272 0.000741318816631678 0.000937883220137678 0.00108574111743931 0.00093875862454945 0.000900089701359502 0.000738083544367874 0.000415237037728793 0.000357348760249488 0.000525761574224283 0.000543201210185015 0.000437900414896447 0.000267146151144957 0.000106072753018106 5.33391722717377e-05 7.53239007612374e-05 0.000105359865841659 6.9307771260491e-05 3.8561016878662e-05 1.04501152245638e-05 1.48240443338674e-06 7.7892727838562e-08 0 0 0 6.52132366497625e-08 7.52107240063728e-07 2.64565227484331e-06 4.32688835895598e-06 1.13424444541591e-05 1.60026587504186e-05 1.5834726389098e-05 8.73248092602705e-06 2.26641795538932e-06 4.96146210805724e-07 1.9332577352964e-07 3.19434802721397e-08 0 0 0 0 0 0 0 0 0
0.000640654696377629 0.000567034532233804 0.00057021516511366 0.000670252837563593 0.000800388694004829 0.000861707303441284 0.00111661637706146 0.0010500796421304 0.000923892784270158 0.000902053153802297 0.000748233648742547 0.00044179062769896 0.000336063098173096 0.000471687519967328 0.000528398812985559 0.000412786111970282 0.000290536308614524 0.000160281731683511 0.000119507021199544 0.0001353142130913 0.000196963317397228 9.60236522409989e-05 4.99205991961407e-05 2.606195798629e-05 3.64409014487708e-06 2.53457401347446e-07 0 0 2.4817403748686e-08 3.78934695519517e-07 3.62462550307268e-06 3.28808203253924e-05 1.71503312841086e-05 2.56050601534901e-05 1.38546638154656e-05 9.67155676083158e-06 2.87013337872663e-06 3.09083843523216e-06 4.93996171152059e-06 2.88529973401965e-06 4.39781986528068e-07 2.01831844553628e-08 0 0 0 0 0 0 0 0
0.000895029675244267 0.000790574558806445 0.000782183507642885 0.000798689056338155 0.000884284409187537 0.000929647457549194 0.000977255555182727 0.00096183528388839 0.000876714527003874 0.000861240242063402 0.000735090737799927 0.000460079045167937 0.000347341062783486 0.000387277539289314 0.000407151342005259 0.000397865265937112 0.000306683517901693 0.00023027674536756 0.000188374592437 0.000167218384900576 0.000136042497463709 0.000105708540848103 0.000102431588430283 4.37423359721574e-05 7.87868748897692e-06 1.44894555668088e-06 1.56855574418909e-07 1.53521686985213e-08 2.36575244282213e-07 1.74487964204694e-06 6.97000557375184e-06 2.32332553653993e-05 2.50822193855275e-05 1.19219440935789e-05 1.68375652239569e-05 1.42778465487123e-05 6.2904688513284e-06 1.42916543371999e-05 2.59833261302974e-05 1.46526722199298e-05 1.71585986346013e-06 7.33474007383776e-08 0 0 0 0 0 0 0 0
0.000863126754761458 0.000906215796473084 0.00101539735436852 0.000957952627602596 0.000899219719786242 0.000889640640772261 0.000832464929695169 0.000849876233358902 0.000861277184543102 0.000891525921534278 0.000759174014000164 0.000555258645829749 0.000470122564836265 0.000414305426068801 0.000382324387336208 0.000407703951749888 0.000332332364689878 0.000234862637017369 0.000256222703758443 0.000244012900912013 0.000127474538834112 8.51876677839763e-05 8.10133043931241e-05 5.04986934697957e-05 2.27792587715846e-05 8.61452054007956e-06 9.44815226584424e-07 2.21558351710466e-07 1.32449716295072e-06 6.40673003923895e-06 1.40706300698821e-05 1.18382200567879e-05 1.90493240902869e-05 1.60413682418998e-05 2.0038727665688e-05 1.85361951541299e-05 1.14729749008929e-05 1.94059461304658e-05 2.62415762922355e-05 1.52116920759391e-05 2.02106661110623e-06 9.3138027271674e-08 0 0 0 0 0 0 0 0
0.000693582024362829 0.000865207432331036 0.000962022401947671 0.000905214287135761 0.000784577153911673 0.000693552336385761 0.00062335264352938 0.000633178153226843 0.000662781844894351 0.000713721847288597 0.000584189213403696 0.000502484682343566 0.000544709545010834 0.000518601798979457 0.000470602691291071 0.000425687010511025 0.000435979081487975 0.000348233338165537 0.0002692305521913 0.000186644808282419 8.78150598517535e-05 5.96693495980705e-05 5.14316254714405e-05 2.79275826069362e-05 3.57726924028194e-05 1.22470138562605e-05 1.47971943040482e-06 1.61748332496857e-06 5.72255393341126e-06 1.39955691956779e-05 1.43310353122573e-05 1.33239235694271e-05 2.7559833593938e-05 1.89169794271783e-05 2.91069801820989e-05 2.24635843129054e-05 1.24081224170787e-05 1.09582142875855e-05 2.38946527180416e-05 1.54739869718178e-05 2.4640187614698e-06 1.51401603904229e-07 0 0 0 0 0 0 0 0
0.000754389626372295 0.000847941308940004 0.000940660683524202 0.000945001977500702 0.000842490382733283 0.000732316041676543 0.000650444723881903 0.000555018743053582 0.000528666420234532 0.000489669672577975 0.000409630638731574 0.000350931998560088 0.000470995369133652 0.00054485882650801 0.000563058313630546 0.000452890434704645 0.000393595123848416 0.000362138737062449 0.000281604091439789 0.00016809324486881 5.9942604361669e-05 3.79162661712509e-05 1.96525487029896e-05 9.0466586383708e-06 8.38783941944492e-06 3.3800518131392e-06 7.10224499740962e-07 3.55085101817438e-06 1.37829659470775e-05 1.67659521059231e-05 1.12797068402591e-05 1.23666012627455e-05 1.54112558771758e-05 1.51767851745291e-05 3.57661172654443e-05 3.80425564845646e-05 2.13729850892182e-05 1.40191344507773e-05 3.80379930039501e-05 3.22868339633283e-05 4.60495240866391e-06 3.57487937342384e-07 0 0 0 0 0 0 0 0
0.000957733702650957 0.00110967666912818 0.00104531056041797 0.000912380291100526 0.000906224307962878 0.000781229736465542 0.000720332712769673 0.000551627457354703 0.000511125207166156 0.000529738305325986 0.000434719145702265 0.000349743062220867 0.000456633705019351 0.000487886074446816 0.000441831361545567 0.000370149099755493 0.000327272704324299 0.000308422889471024 0.00028039842489642 0.000181480639625098 7.65397569903851e-05 4.38830992747455e-05 1.25895744407845e-05 1.83247834818317e-06 6.58881632090275e-07 2.84857145669241e-07 1.80767892696372e-07 1.73463206693047e-06 8.27221758448168e-06 1.16896973892398e-05 1.39273954519112e-05 2.0636344323147e-05 7.18657485953522e-06 1.10107930348443e-05 5.05220219361306e-05 2.96077951711776e-05 1.41884088479275e-05 1.33720692212319e-05 2.27057952374677e-05 2.2643374273243e-05 6.04081945336458e-06 4.93440136650562e-07 0 0 0 0 0 0 0 0
0.00108879048329086 0.00136706335741333 0.00115038646392942 0.00091513825747269 0.000856673454749975 0.000850047965179813 0.000672839635536809 0.000559697483080248 0.000472581205859247 0.000471057270762759 0.000391529482658243 0.000370222342222371 0.000398086833440158 0.000416166980173151 0.000388861390075021 0.000292224236567838 0.000220552097977661 0.000226335445112612 0.000262245018319744 0.000194906069264267 9.29905987790026e-05 4.0716445404849e-05 1.26946954445557e-05 1.95155749628706e-06 9.66726292720627e-08 0 9.09527661623994e-08 1.57593656290249e-06 9.35238040740053e-06 1.89038570921053e-05 1.54168922413959e-05 6.92748138500597e-06 1.9824004261247e-06 2.31023970931193e-06 5.28478761997244e-06 5.05235185715076e-06 2.6417004403296e-06 2.51853908346552e-06 7.55148334231957e-06 1.55891859863323e-05 3.3456527153628e-06 2.92367942089423e-07 0 0 0 0 0 0 0 0
0.00105737415860872 0.00131843066264117 0.00107451334251186 0.000905177288813086 0.000955581366503162 0.000869375560258956 0.00069124992215076 0.000642672819318185 0.000474769635260617 0.000359168749481913 0.000392783137432617 0.000401866879766111 0.000377304688932721 0.000360234194113967 0.000342014229745511 0.000288993325343861 0.000224997097160264 0.000194609175258175 0.000220913946792941 0.000231629034804116 0.000144149810967713 9.1307606667986e-05 4.20066321966884e-05 8.18763483189735e-06 6.79281521848173e-07 0 1.9293779582289e-07 3.48292951003026e-06 2.66689140083705e-05 4.16929684470765e-05 2.02982742286497e-05 5.28137152876964e-06 5.76931692043906e-07 1.80802206112471e-07 3.51560156467992e-07 3.32985044137447e-07 1.69073013195498e-07 2.48541531553941e-07 1.14395562529567e-06 1.87627959481925e-06 6.41079619359866e-07 6.12161747835368e-08 0 0 0 0 0 0 0 0
0.0008891750992055 0.00100518017556906 0.000931902148423513 0.000976897351622211 0.00102898650301475 0.000853325625677457 0.000765160603915179 0.000708321857021588 0.000577975182801728 0.000438072701132595 0.000449900340513651 0.000444678941040035 0.000397275848105177 0.000386340913116642 0.000373277329289601 0.000308122283191323 0.000273286065837716 0.000246789785994511 0.000199376667284828 0.000179916707733782 0.000178737110650042 0.000134380532466377 8.824355192312e-05 3.92236889063185e-05 3.27671319160936e-06 7.50188313563862e-07 7.15809808566501e-07 3.31292766991385e-06 1.47217751907951e-05 2.4876531003315e-05 2.31495240526507e-05 6.21835794137857e-06 5.46941649957577e-07 2.06907261545656e-08 0 0 0 0 6.01257597579925e-08 9.4593306105623e-08 3.71579735559475e-08 0 0 0 0 0 0 0 0 0
0.000846232726658514 0.000862863544297272 0.000788355700620925 0.000835783227987684 0.000885189470155153 0.000855345405409949 0.000804565016398155 0.000714706580961589 0.000589988698341602 0.000475022226710231 0.000427995431103605 0.000417587048316269 0.000415504010395119 0.000379225421254326 0.000407182020265624 0.000372215944714655 0.000304459545987627 0.000232979352310641 0.000151249025477846 0.000143929453243596 0.000127665054818349 0.000105237009311039 8.72964370737435e-05 5.05959365268686e-05 1.60315947245256e-05 8.27970486864484e-06 4.81652296968648e-06 1.21638211972059e-05 1.32470861974123e-05 2.36071320189135e-05 2.36066539593946e-05 3.61098463778558e-06 2.74820486012038e-07 0 0 0 0 0 0 0 0 0 0 0 0 0 0 0 0 0
0.000786151353570707 0.000755218377474824 0.00075509765034233 0.000725426962459302 0.000784375038004639 0.000734718672456042 0.000662241466774798 0.000633372715383841 0.000572400227862141 0.000450959171341163 0.000373744153653164 0.000314967396950841 0.000364579703807593 0.00035035499169285 0.000382050775925176 0.000413455918527306 0.000276546902067632 0.000157010808618933 0.000124134357387853 0.000147086311475388 0.000132411953431142 0.000106012169022175 0.000128597139798483 0.000121719600033555 5.3805121439463e-05 2.65333295614259e-05 1.88286458402282e-05 1.45407229736841e-05 2.30535876411496e-05 3.09312157252323e-05 1.37968276358591e-05 2.59012934044053e-06 1.75662295032168e-07 0 0 0 0 0 0 0 0 0 0 0 0 0 0 0 0 0
0.000964605135351777 0.000838625514046548 0.000749936299719781 0.000673334720643785 0.000666862388007757 0.000647532944507963 0.000554163793827028 0.000578002391021483 0.000598781321265505 0.000451957379226362 0.000393996113648566 0.000298775657591637 0.00031827537835201 0.000293783253226007 0.000291590738350791 0.000318743181709312 0.000224288143599333 0.000127057183573569 0.000131250275381178 0.000159046562892805 0.000181073421681629 0.000135988978619071 0.000135330343878413 0.000132895849184876 7.37728992052055e-05 4.9337436988816e-05 2.60653300142935e-05 1.47035571951971e-05 2.1388210350664e-05 2.14591650236378e-05 2.2049295360998e-05 4.19340923217436e-06 3.34526499413356e-07 0 0 0 0 0 0 0 0 0 0 0 0 0 0 0 0 0
0.00105379039350571 0.000829614009037309 0.000682833110866728 0.000614798858914502 0.000671969901115096 0.000675976899287334 0.000567379288176647 0.000487106765388021 0.00044639711085269 0.000432605749176305 0.000436956486427197 0.000376553152327823 0.000281960131859925 0.000255938861239606 0.00019929864157795 0.000215259618035221 0.000176748423754704 0.000151778956450042 0.000151872395261763 0.000191402365316371 0.000190375202402241 0.000170255614764061 0.000146140750517718 0.000108817849832879 0.00010604762364676 4.85364138022291e-05 3.76334008662718e-05 3.01070028139083e-05 3.76006695343954e-05 2.64109950443849e-05 2.51094151688524e-05 6.30882157401452e-06 5.20277302576673e-07 1.43582674317145e-08 0 0 0 0 0 0 0 0 0 0 0 0 0 0 0 0
0.00103166342238775 0.000799799193612602 0.000574641353199162 0.000599135119546552 0.000689389348863686 0.000693097552300502 0.000512380748206166 0.000422852666851112 0.000362696044439979 0.000421998906486927 0.00044982646246641 0.000369893904955512 0.000281220413598434 0.000223019660950853 0.000179812310089345 0.000167873003629137 0.000145497388270385 0.000149226937786133 0.000133717787198931 0.000154492978883128 0.000162210851807267 0.000178040336549208 0.000143851010920843 0.000107704125054763 6.90166168535439e-05 5.52555091200465e-05 4.6791605755605e-05 7.25701063213044e-05 5.66659017056463e-05 4.1320561682519e-05 3.80041140498315e-05 9.11061255955299e-06 6.88954721956791e-07 1.83568008603673e-08 0 0 0 0 0 0 0 0 0 0 0 0 0 0 0 0
