simulations/projFolders/pop500/sim2/UDs_popWinter/averageUD_winter.asc
NCOLS 105
NROWS 160
XLLCORNER -966681.416248582
YLLCORNER 1740746.90199862
CELLSIZE 500
NODATA_VALUE -9999
[rows 44 to 65 of 160, columns 50 to 99 of 105]
0.000100647896036365 0.000122301781983852 0.000101806736728432 7.39044511381804e-05 6.35707066228791e-05 0.000103354363209653 9.52373081570136e-05 0.000102251236067526 5.54988544173323e-05 1.54864330502864e-05 4.67681186151866e-06 2.45897779795606e-06 4.86164528284239e-07 4.44012301043429e-07 4.30245134409025e-06 1.66726900745058e-05 1.73360477010962e-05 2.19942062464729e-05 2.62840147993046e-05 2.77681848893251e-05 1.697681127838e-05 3.95499935154223e-06 4.85417767650659e-07 1.55867837707189e-08 0 0 0 0 0 0 0 0 0 0 0 0 0 0 0 0 0 0 0 0 0 0 0 0 0 0
9.66280178148047e-05 0.000115286346494922 9.70864614393512e-05 9.47837144820846e-05 8.04291665344534e-05 8.17931131246706e-05 8.6976731173389e-05 0.000121481519160812 8.09888439042002e-05 3.88143723729472e-05 1.90291089189029e-05 1.19006649188954e-05 2.23301189304077e-06 1.23068051984548e-06 1.01481740685753e-05 2.79147699402572e-05 2.53399461441788e-05 4.65803670691991e-05 6.21399730282084e-05 5.29549978535514e-05 3.49135897031376e-05 1.34649760986062e-05 2.88045057020553e-06 5.59919208025922e-07 6.20523860400019e-08 0 0 0 0 0 0 0 0 0 0 0 0 0 0 0 0 0 0 0 0 0 0 0 0 0
7.89190778590603e-05 8.00309309170897e-05 7.36156459269435e-05 9.01988454062717e-05 6.29557288975488e-05 5.83852320408164e-05 8.17278436776104e-05 9.3509559029569e-05 7.35048970481758e-05 6.56613542061619e-05 3.23018303231477e-05 2.18210816326519e-05 4.98301887507549e-06 2.07067430838554e-06 1.66084722106853e-05 5.88911855439916e-05 6.23033279390759e-05 7.28679769482637e-05 8.19287349809513e-05 6.50824121961335e-05 4.79956567162419e-05 5.52182365065024e-05 1.37792860587555e-05 4.51048202986215e-06 5.65349531678362e-07 0 0 0 0 0 0 0 0 0 0 0 0 0 0 0 0 0 0 0 0 0 0 0 0 0
3.75985812181454e-05 4.68845817200158e-05 5.48392577987153e-05 5.00765696794199e-05 4.78499116018566e-05 7.5916204669062e-05 0.00010119220320759 6.39187258327117e-05 5.4531820109679e-05 6.97434156718594e-05 2.85593049991986e-05 1.48688797578337e-05 5.12566794762454e-06 2.32496304609785e-06 1.93387786807407e-05 7.94645808430142e-05 9.6764180784053e-05 6.83349766590507e-05 5.94699288912733e-05 5.71420998836707e-05 4.91368211677822e-05 3.24503490616787e-05 2.7407801470099e-05 1.31571913482108e-05 1.70712219506736e-06 0 0 0 0 0 0 0 0 0 0 0 0 0 0 0 0 0 0 0 0 0 0 0 0 0
3.96093138303106e-05 4.3650086721298e-05 5.44280237667508e-05 4.12558275895059e-05 5.67848182006273e-05 9.08717146139433e-05 8.94259307300553e-05 4.86013465434369e-05 2.93347348266234e-05 1.79540406487446e-05 7.74501069625485e-06 3.35784026450552e-06 1.27978317471702e-06 3.3610118398768e-06 2.37967786317169e-05 6.99944076877295e-05 9.63836768390994e-05 6.25057949383493e-05 5.57758606155629e-05 6.41536949093509e-05 5.50192783632534e-05 6.30468836006388e-05 3.68272537829872e-05 1.61900602646373e-05 1.97728606820753e-06 0 0 0 0 0 0 0 0 0 0 0 0 0 0 0 0 0 0 0 0 0 0 0 0 0
7.38286418153205e-05 0.000121387642571092 0.000139105838396206 7.36431665563099e-05 5.76262823228671e-05 5.23141887797614e-05 4.45605098386633e-05 3.28087394069399e-05 2.31691545862886e-05 1.64373431428358e-05 9.77486619121948e-06 1.85909611488344e-06 1.01700249407142e-06 8.56523156612346e-06 2.64568479437206e-05 6.86922803545944e-05 9.55468755424898e-05 7.70701496893943e-05 6.90425709874263e-05 5.70073434789012e-05 3.65346266858395e-05 5.59955673379245e-05 3.13847591087423e-05 7.82392941415228e-06 8.69007315260299e-07 0 0 0 0 0 0 0 0 0 0 0 0 0 0 0 0 0 0 0 0 0 0 0 0 0
8.62469157284954e-05 0.0001427185921558 0.000192731243391607 0.000105069965824356 5.01314345398364e-05 1.98247639148775e-05 2.41732406294217e-05 4.11470901055644e-05 6.95591135191327e-05 4.45127652849358e-05 2.29393720159622e-05 5.4457665887096e-06 2.39752510179943e-06 1.01492369186354e-05 3.47677657755793e-05 5.23765378175072e-05 7.39137716398817e-05 7.86835264675244e-05 7.2781836507742e-05 4.51931340676819e-05 2.62304880438816e-05 3.13632704701532e-05 1.93719030307435e-05 2.94148309254298e-06 1.88068370285813e-07 0 0 0 0 0 0 0 0 0 0 0 0 0 0 0 0 0 0 0 0 0 0 0 0 0
6.23756508958964e-05 0.000117660874855847 0.000141548080871379 0.000114459718722371 8.49030164023883e-05 2.65697007638573e-05 2.83416521632557e-05 5.47369038143392e-05 9.82483582591704e-05 9.36793300253783e-05 5.61731156357483e-05 3.95123103723409e-05 2.63741756720683e-05 2.24769678839605e-05 4.82538450034366e-05 8.26649158291943e-05 9.28414696585685e-05 9.83452019898617e-05 8.66474905553175e-05 4.98661682811121e-05 3.04523258667159e-05 2.45195995166589e-05 5.90102562119669e-06 6.82415863415868e-07 0 0 0 0 0 0 0 0 0 0 0 0 0 0 0 0 0 0 0 0 0 0 0 0 0 0
6.18599983556872e-05 0.000118565822585916 0.000191991085194796 0.00021235727983292 0.000125038991220378 5.17256246432089e-05 4.71960640229393e-05 9.32740442833936e-05 0.000102017646628865 7.71318708738438e-05 7.43903093340972e-05 8.4533734377863e-05 6.83346683330709e-05 6.24694383569547e-05 6.96180256600749e-05 7.24557732421522e-05 9.77993020496694e-05 0.000126724234727321 8.60222652330429e-05 2.84359093273956e-05 1.28453400214502e-05 6.54895698801217e-06 1.32735803310409e-06 9.48244487270501e-08 0 0 0 0 0 0 0 0 0 0 0 0 0 0 0 0 0 0 0 0 0 0 0 0 0 0
0.000106799728514862 0.000165684105876194 0.000229339088537302 0.000214305803938823 0.000123376487187364 6.54966000704378e-05 6.77852463164392e-05 0.00010584982749577 0.000142698504160879 0.000116007288597551 9.46138429325411e-05 0.000101896741844771 0.00014629024484575 0.000124099689154223 0.000102810889775859 0.000108540702204584 0.000148024195664769 0.0001062919800766 5.32519169944388e-05 2.4086887519935e-05 4.11938717190437e-06 9.09749825713728e-07 1.22541823625308e-07 0 0 0 0 0 4.11718428842575e-08 9.71745248281583e-08 5.95927449311891e-08 0 0 0 0 0 0 0 0 0 0 0 0 0 0 0 0 0 0 0
0.000141321458027526 0.000181030849653462 0.000270534240082738 0.000272789189826534 0.000182374024243259 0.000119763431704721 0.000101160566296154 9.02960301319925e-05 0.000115145259943366 0.00014155223057556 9.8929446361276e-05 0.000119345556054957 0.000155550148423979 0.000199394231371016 0.000193874008444683 0.000190241016470747 0.000150345402206711 0.000108266500044002 5.08279857035105e-05 3.30813411697136e-05 1.57668676651921e-05 2.84291741553329e-06 2.05937816591373e-07 0 0 5.96937934305085e-08 1.1589162019555e-07 1.8732232269608e-07 8.73874232410988e-07 2.0181802096176e-06 1.17775751247125e-06 1.537690404402e-07 0 0 0 0 0 0 0 0 0 0 0 0 0 0 0 0 0 0
0.000199252795186959 0.000225108047990512 0.000254087003842165 0.000243921927360258 0.000227102408330169 0.000211169816916952 0.000114842639900514 6.86201590800429e-05 5.85028483321765e-05 9.23791874525169e-05 9.60284310754068e-05 0.000108288446980609 0.000148449336343657 0.000199802187364888 0.000155321963287418 0.000139436896679456 0.000111460266220161 9.77070762564973e-05 0.000115269953400443 0.00012027435160194 6.78294584327637e-05 1.33958105126687e-05 1.85697723597344e-06 2.42673559051122e-07 1.81701077915894e-07 1.33756070828613e-06 2.65896739368912e-06 2.82909092419659e-06 7.51099642170514e-06 1.56755465973313e-05 7.89571180733996e-06 8.14499740742316e-07 2.93790126230173e-08 0 0 0 0 0 0 0 0 0 0 0 0 0 0 0 0 0
0.00023499462995523 0.00020427762276585 0.000218003023177117 0.000248859068794193 0.000230493387241934 0.000200806158939928 0.000123400532362808 5.8018345621697e-05 5.22506296811431e-05 6.07409980571927e-05 0.000117044326615066 0.000162899540345591 0.000138236244260413 0.000167411612383194 0.000109853219728881 0.000101918410614243 0.000111009447022484 0.000157690270413545 0.000180670698169936 0.000218485602168059 0.00011918568621137 3.7093771308151e-05 1.10273722064827e-05 1.98837135706571e-06 1.13800924707362e-06 9.44494455806745e-06 2.24590431840328e-05 1.86107139985957e-05 2.94268224311706e-05 3.99565547600612e-05 1.61748137282914e-05 1.7100727413983e-06 7.24507189981968e-08 0 0 0 0 0 0 0 0 0 0 0 0 0 0 0 0 0
0.000272123080178116 0.000234077890298937 0.000227588685799506 0.000289965151326168 0.000239025765305577 0.000198423460059683 0.000174040452233523 9.01666839801463e-05 9.5071497246654e-05 9.96177628835247e-05 0.000131093749651384 0.000129854053665265 0.00015026580107675 0.000180690819685194 0.00013048293913437 0.000164531454371968 0.000167284918527082 0.00016999767131284 0.000171607544731932 0.000200151686446291 0.000146040614613568 5.38285919397664e-05 2.09220750202872e-05 4.10592531154543e-06 2.90467776282463e-06 1.82686429423189e-05 4.20760176966257e-05 3.83507311244245e-05 4.12538908314529e-05 3.23183946227286e-05 1.25446450369118e-05 2.90655787027164e-06 3.44271497944096e-06 4.59786481104229e-06 3.48356676750177e-06 8.08017793832342e-07 0 0 0 0 0 0 0 0 0 0 0 0 0 0
0.000304879095060349 0.000260805189745316 0.000229370120329172 0.000252708034607731 0.000274194008715737 0.000192252384615982 0.000200100144370197 0.000157930999407441 0.000166023477090174 0.000162530365532301 0.000174736202074157 0.000156349800078914 0.000147467229236793 0.000176207603149607 0.000144959170959265 0.000214217061233871 0.000156578755256445 0.000159720739577327 0.000193087148780884 0.000177712536836316 0.000125358033463358 6.06345893307964e-05 2.0130109968008e-05 3.46281110160653e-06 3.89045360396786e-06 2.45158187981163e-05 2.3496346542079e-05 1.4827629547429e-05 2.64664888313014e-05 2.39497690137254e-05 1.18639258404091e-05 9.71463438801727e-06 2.49148630472191e-05 3.86658434189717e-05 2.8813217817285e-05 4.90186642727715e-06 2.8706793083782e-07 0 0 0 0 0 0 0 0 0 0 0 0 0
0.000278750081361215 0.000231026255752868 0.000239159405656665 0.000263435107356188 0.000297008923589539 0.000229186307935704 0.000284910137050608 0.000259231600975683 0.000211178969867901 0.000174993606853494 0.000206722277715736 0.000178487334664968 0.000142694250210416 0.000156406916055132 0.000154467907693977 0.000141364451017135 0.000117754541772477 0.000163123757124848 0.000184840680284705 0.000115744718320319 8.24117273481497e-05 5.5517437213074e-05 2.51140743756031e-05 4.0493444747337e-06 1.91187905097868e-06 1.11023904726791e-05 1.56513974029778e-05 8.32168012640662e-06 1.22734800356599e-05 2.61592892861768e-05 2.11323117782261e-05 2.57598888061893e-05 7.7339299003005e-05 0.000106665553497305 5.66026847662107e-05 8.16240906502767e-06 4.56018256836059e-07 0 0 0 0 0 0 0 0 0 0 0 0 0
0.000311218178873662 0.000264334125953874 0.00030850380384767 0.000353413209392581 0.000355835385627946 0.000305425716428109 0.000276574092631367 0.000252367715351936 0.000214699968614247 0.000187497423942021 0.000208062152265855 0.000150635064711292 0.000131122174987872 0.000102846244625237 0.000114453406610863 0.000130316763907718 9.75467585122361e-05 0.000123195802124169 0.000112081112310896 8.49216175044395e-05 8.4002183866633e-05 8.2609526791511e-05 3.56647320566345e-05 7.04033540749473e-06 7.03814148253893e-07 6.90673943429083e-06 2.32068020789968e-05 2.13515210142619e-05 1.44352521709748e-05 4.36519607787863e-05 6.71153850678612e-05 6.51625934818516e-05 9.36736650520928e-05 9.88456010560995e-05 3.65099524984025e-05 4.78095468009147e-06 2.64992064261698e-07 0 0 0 0 0 0 0 0 0 0 0 0 0
0.000276585159325606 0.000225742931498956 0.000322772821785795 0.000451808621940104 0.00048643484986376 0.000369499760874687 0.000297195421243376 0.000239995024511938 0.000197067528902659 0.000184853303547293 0.000149443336316105 0.000103467474577306 9.59791283462528e-05 9.28086604084621e-05 8.2692573480304e-05 9.50161909902689e-05 9.58319363021948e-05 9.8210581901977e-05 7.37958370108242e-05 4.62889699472199e-05 4.66550499246634e-05 4.97336265268636e-05 2.26347962539121e-05 5.21964998779823e-06 5.97157573637528e-07 8.16701818044824e-06 4.85704764597255e-05 5.58433289261353e-05 3.52125624103015e-05 0.000101816333803834 0.000145941950342785 0.000125341210481656 0.000100632060292971 7.75811662695373e-05 2.27927692407973e-05 3.17178130998541e-06 2.96953832653296e-07 0 0 0 0 0 0 0 0 0 0 0 0 0
0.000301192497243149 0.000233797060792346 0.000269740228676476 0.000361486252317686 0.000415629968317223 0.000408088836145104 0.000345870419035179 0.000299864576877657 0.000259605153628986 0.000204711047486278 0.000126872505699486 9.52082192440965e-05 8.73018880856719e-05 6.5342261933697e-05 6.12248492747896e-05 5.93469184159422e-05 7.66153128516236e-05 0.000117548006337831 5.76297458533135e-05 3.53342880952184e-05 2.22972538991723e-05 1.24576369966525e-05 4.70262436888615e-06 9.78227116975013e-07 9.25437838063717e-07 1.10104922176528e-05 4.98355440665603e-05 6.65846199089438e-05 5.13866655394686e-05 9.25565603879389e-05 0.000162390315862912 0.00013006299171934 0.000110848934360775 6.98869349252921e-05 2.84953713633863e-05 9.10574570060996e-06 1.27522100195598e-06 0 0 0 0 0 0 0 0 0 0 0 0 0
0.000384997563643747 0.000321496285443498 0.000331424527995364 0.000341814699479163 0.000351177989350087 0.000413949301926039 0.000377868009159804 0.000365031514670999 0.000304430901044549 0.00019547462857737 0.000174710571989599 0.000138875260098051 8.25579643936672e-05 6.96714681417188e-05 8.55889562039792e-05 7.91978995051217e-05 6.69738489057796e-05 7.63870527154009e-05 2.64191176869946e-05 1.09615085064983e-05 1.65820051072393e-05 1.70478717146736e-05 6.43054079970006e-06 7.5688700033717e-07 8.05483665107473e-07 8.22744983965415e-06 2.70750522542997e-05 3.05340944280529e-05 3.88007368791358e-05 3.49012678398173e-05 4.20404625947039e-05 5.04012219476538e-05 6.84162259389309e-05 7.96314931150776e-05 4.33861177912818e-05 1.74623150332977e-05 2.20730318630357e-06 0 0 0 0 0 0 0 0 0 0 0 0 0
0.000536164963577388 0.000436698062904654 0.000479950024432159 0.000421326950698426 0.000302527204359059 0.000320631632708833 0.00041836063563112 0.000430634813722153 0.000345625681585268 0.000224248721989872 0.000226415070292343 0.000207243268389577 0.00012330910439294 9.81346310108099e-05 0.000118613160228076 8.1947507302656e-05 6.16616787432023e-05 4.92342908927626e-05 1.3190184476318e-05 4.48150531766844e-06 2.31309204513081e-05 5.19022309719134e-05 2.14349460983255e-05 3.5240219140093e-06 1.37949911696059e-06 5.33157482866313e-06 1.63337408988098e-05 2.64106448379931e-05 1.31137582322881e-05 5.74140600143034e-06 4.47647302527718e-06 6.92707465897545e-06 2.03170608239642e-05 3.14898101887418e-05 2.00852025247944e-05 7.86809716168723e-06 1.10876758088346e-06 0 0 0 0 0 0 0 0 0 0 0 0 0
0.000631427833294901 0.000540499035792156 0.000503041974052322 0.000429862723744809 0.000310474987344674 0.00029042345508862 0.000448775521920164 0.00049042002203672 0.000320025320268851 0.000274147988996883 0.000342737889804843 0.000327870656361567 0.000235394445295769 0.000171820782986095 0.000136035709297209 0.000127941858033733 0.000111802998384499 8.37047114473768e-05 2.48022239128625e-05 1.11571839486754e-05 3.90213077087753e-05 8.18255215058924e-05 4.73709468118906e-05 1.21314133325771e-05 6.65939971631146e-06 1.82037241709496e-05 2.06670393182145e-05 2.2034263232571e-05 6.30502541588989e-06 8.2671490942013e-07 2.07371504021108e-07 5.98610029399923e-07 2.51917308130803e-06 3.78634035488679e-06 2.47269379841944e-06 9.72777488388038e-07 1.61365736815953e-07 0 0 0 0 0 0 0 0 0 0 0 0 0
