simulations/projFolders/pop500/sim2/UDs_popWinter/averageUD_winter.asc
NCOLS 105
NROWS 160
XLLCORNER -966681.416248582
YLLCORNER 1740746.90199862
CELLSIZE 500
NODATA_VALUE -9999
[rows 88 to 109 of 160, columns 50 to 99 of 105]
0.000894767677824097 0.000643752093843085 0.000512041692361293 0.000516816988823826 0.000720452708328276 0.000573172051772266 0.000374686786090646 0.000330046151766027 0.000272762270656928 0.000358201392247252 0.000441854302328871 0.000410354978181629 0.000332409512721636 0.000230193601433774 0.000148741567075738 0.000115611001209697 0.000128671974086634 0.00013521257495929 0.000173675865202546 0.000149207332692881 0.000133698955647293 0.000128571985939902 8.97236948133484e-05 0.000114134047820071 9.49858433785217e-05 6.04357403341876e-05 7.05113795809706e-05 0.000115436932627687 8.54651764743916e-05 5.93042765531339e-05 3.12718888663251e-05 6.99698063362662e-06 5.33396545367602e-07 0 0 0 0 0 0 0 0 0 0 0 0 0 0 0 0 0
0.000817188203669452 0.000547687218962104 0.0004459438709712 0.000472538858767309 0.000486387553770956 0.000441183317015782 0.000315968014806914 0.000257621635055523 0.000237072351923506 0.000391668085350666 0.000485749386866586 0.000406587520073614 0.00036225322220002 0.000293495549154557 0.000161756608753122 9.14035969452203e-05 6.34416907467578e-05 8.6978743104817e-05 0.000130827553405224 8.94260699918841e-05 7.97610112014401e-05 8.62398356905938e-05 4.999458567334e-05 8.67858696502873e-05 8.8634586404272e-05 5.08812141355764e-05 5.30339064869715e-05 9.20688909114961e-05 8.60978606864048e-05 8.17244468276775e-05 3.59280941535959e-05 4.5852713507763e-06 2.55098173444763e-07 0 0 0 0 0 0 0 0 0 0 0 0 0 0 0 0 0
0.000764541408468197 0.000489581712103041 0.000404421305906151 0.000399286474259168 0.000373314686531627 0.000383392064670434 0.000343836985338857 0.000359770754778725 0.000356360862357117 0.000384864155352051 0.00047612976970743 0.000411472742402245 0.000349424024241598 0.000308225730059093 0.000181552617399575 8.90469800274291e-05 4.84551360897255e-05 6.63182406106038e-05 7.62715757247448e-05 6.29015026915877e-05 5.59397463075383e-05 7.26820130468538e-05 5.55149214488662e-05 8.27493732725081e-05 6.0351347302198e-05 2.33232779367607e-05 3.45429226127693e-05 5.80345035263035e-05 3.69612917560641e-05 4.28095889253551e-05 1.98532949091838e-05 2.44347959169331e-06 9.70366745352359e-08 0 0 0 0 0 0 0 0 0 0 0 0 0 0 0 0 0
0.000729201265508114 0.000573912574228982 0.00044469280560282 0.000347474388700428 0.00035609005450352 0.000408412086379962 0.00042169483465952 0.000448435334804854 0.000467892763959742 0.000448883653483274 0.000470633503414504 0.000413590928817522 0.000359775521254919 0.000318805096880796 0.00017419520921804 8.15679385419913e-05 6.7977786937745e-05 7.14805683560615e-05 6.12389343936777e-05 6.20906948808772e-05 6.53668385796463e-05 9.42304253303618e-05 7.04241334277225e-05 8.37285038724247e-05 5.03255312665587e-05 2.15092498636654e-05 2.31713934712055e-05 1.9851437764659e-05 3.88042523162638e-05 2.51906476849263e-05 8.07198090268508e-06 8.38661537054389e-07 2.18703207735743e-08 0 0 0 0 0 0 0 0 0 0 0 0 0 0 0 0 0
0.000698348740836065 0.000638215851450882 0.000593341512014429 0.000442473849824881 0.000383389969153714 0.000416896259500021 0.000430594229056324 0.000517601683751992 0.000530428165398986 0.00045487874580223 0.000409479224336536 0.000368544688812511 0.00036112322050264 0.000290937041587923 0.000194436680256613 0.000116995791728632 9.25146790555139e-05 7.54344062464901e-05 4.64925283037553e-05 2.8090009691327e-05 3.70273126440177e-05 6.71342826506331e-05 7.19125656864008e-05 8.62672722553649e-05 6.31576824652353e-05 3.98159785368953e-05 2.42328911490943e-05 1.84345366385242e-05 2.54271108503574e-05 2.43311474269205e-05 6.7591900570406e-06 1.29109148077097e-06 1.47387618160597e-07 0 0 0 0 0 0 0 0 0 0 0 0 0 0 0 0 0
0.000738628993788047 0.000597918924130451 0.000598744555140465 0.000522954921018224 0.000584427399271236 0.000537888121149026 0.000479977789890224 0.000579091551548244 0.000560127249263651 0.000397405517526001 0.00031477892362622 0.000266718776921705 0.000310381093709204 0.00028703198327802 0.000265080292823838 0.00017448496036925 0.00015644401030767 0.000111588974075893 4.90158016636643e-05 1.87544851747847e-05 2.14330763936789e-05 4.06779376392926e-05 5.42503229957782e-05 8.25266403629603e-05 6.19382527277229e-05 3.80532013487945e-05 2.45760407933276e-05 2.27712724531356e-05 2.15917948897329e-05 2.33478848761595e-05 1.90754043819984e-05 7.88580591119296e-06 1.12383274943396e-06 5.35009057645552e-08 0 0 0 0 0 0 0 0 0 0 0 0 0 0 0 0
0.000658369723037533 0.000520487736538529 0.000497944314887155 0.000581266847640578 0.000685157484283773 0.000641624872289165 0.000567900777551899 0.000488291828212955 0.000450365223520756 0.000297003591765072 0.000206981093721622 0.000252064688838622 0.000289327764091588 0.000278226596470914 0.000240176531801999 0.000189560890206582 0.000133716825884859 0.000114300298201908 7.29453403956607e-05 2.8725585074219e-05 1.07341985466751e-05 1.15393586335767e-05 2.49016630194708e-05 6.15944980948901e-05 5.31022183447846e-05 5.1426204082664e-05 3.83253637601438e-05 1.57026690390035e-05 2.3137225428739e-05 3.97306661949374e-05 4.28862748555882e-05 1.8879040139466e-05 2.29704206807773e-06 1.06792242122004e-07 0 0 0 0 0 0 0 0 0 0 0 0 0 0 0 0
0.000605608732511013 0.000571449869952928 0.000517403171575831 0.000467814644573091 0.000606788648330808 0.00057564014078446 0.000518955390099439 0.000422913883942666 0.000318128345360386 0.000297402568522392 0.000223153650491518 0.000241130179997468 0.000261394615235197 0.000181598863422539 0.000138255589620168 0.000118740565378167 8.73473820820275e-05 6.72686857112541e-05 5.24338036639002e-05 3.76807316326518e-05 1.11191335352626e-05 5.2794054631594e-06 2.57560513497293e-05 6.9780316927803e-05 7.53180393752952e-05 7.18498496748189e-05 6.0560054100874e-05 3.6131718652224e-05 4.18394369371677e-05 2.08487724831035e-05 2.22112573625403e-05 1.05829093344881e-05 1.38937920528593e-06 6.69179644144912e-08 0 0 0 0 0 0 0 0 0 0 0 0 0 0 0 0
0.000724546209878534 0.000656114897939077 0.000503186349338538 0.000462156046003321 0.000590418123151626 0.00055836929549157 0.000515660549336014 0.000430870584452888 0.000374881728823882 0.000316532461879742 0.000278133454096258 0.000271525252627026 0.000274986582580131 0.000163064440345166 7.71919454472399e-05 7.88028208893862e-05 8.4791909222726e-05 7.20176585922427e-05 4.78220672105663e-05 1.89046523397205e-05 6.94122487585621e-06 8.43540803142238e-06 4.70424505442918e-05 8.06015579227409e-05 7.6727780377063e-05 6.29074945882005e-05 3.75536284311638e-05 2.30483013378021e-05 1.49242863369413e-05 1.47105794128826e-05 1.28366972752004e-05 3.34265347832353e-06 3.79405915638319e-07 1.69250997670609e-08 0 0 0 0 0 0 0 0 0 0 0 0 0 0 0 0
0.000673684347511013 0.000605381688441966 0.000408464928069415 0.000451183029867729 0.000506729230434634 0.00056485246453323 0.000478270318263654 0.000488979764575514 0.000415542273266494 0.000366770362720628 0.000329520705783234 0.000310819436080216 0.000337283609143375 0.000204755063661064 0.000120594537443558 0.00012941313239838 9.88446210719206e-05 7.85338366390594e-05 3.32000886469277e-05 1.16484534197877e-05 2.2671971231381e-06 7.47255919655776e-06 3.78705561062391e-05 5.03731885469936e-05 4.71302807441144e-05 2.09927098712682e-05 1.62963935830089e-05 9.91306269239498e-06 3.96125866870119e-06 4.51384907383468e-06 3.2744180362553e-06 7.23776290935983e-07 6.44850951917128e-08 0 0 0 0 0 0 0 0 0 0 0 0 0 0 0 0 0
0.000642650061436084 0.000524261192109264 0.000356248800340804 0.000309532455937501 0.00036704918432849 0.00047896210024084 0.000391362152979043 0.000401965006722886 0.000475231885426079 0.00037573227559586 0.000300410656704078 0.000264453030577221 0.000231627254308167 0.000168578801869186 0.000129558849722245 0.000124739048678996 6.65706502012955e-05 4.45680927252715e-05 2.12572196159377e-05 8.40111810029501e-06 1.17972909325736e-06 2.91467399362336e-06 1.44150778613687e-05 1.77202466829155e-05 2.07815710401045e-05 1.18889203264142e-05 1.98329500474934e-05 8.01020354784282e-06 1.14312367775036e-06 3.95038688918116e-07 2.85485322745656e-07 6.55565090539527e-08 0 0 0 0 0 0 0 0 0 0 0 0 0 0 0 0 0 0
0.000619510330564083 0.000584855388908625 0.000443321100968229 0.000316514938627138 0.000359114543454911 0.000381426736194729 0.000301192683980602 0.000274574631782668 0.000297615775713674 0.000298693276252788 0.000288668755148429 0.000207961739394192 0.000189842488683667 0.000146045540945279 9.6421325626928e-05 6.68960842711748e-05 2.20099504528625e-05 1.19159870924587e-05 1.4980032439516e-05 4.19908352232352e-06 5.16588464826819e-07 4.23916373509731e-07 2.27214419223785e-06 1.00704487386935e-05 1.99582893349394e-05 2.66981199314189e-05 2.01955810136639e-05 4.14324737977341e-06 3.58780671283275e-07 0 0 0 0 0 0 0 0 0 0 0 0 0 0 0 0 0 0 0 0 0
0.000580031930616196 0.000572402604439098 0.000499478082275292 0.000350696388562533 0.000349617947277569 0.000350516800168049 0.000286761943874687 0.000216066366261762 0.000148586194330567 0.000163001295067546 0.000199096761049964 0.000216435430136707 0.000213783037185539 0.000195512475653233 0.000129809473381848 5.5095255436954e-05 1.11347546888381e-05 2.06650822966196e-06 1.7940519351088e-06 7.59640766575491e-07 9.43308550385901e-08 4.12843510168163e-08 7.03498720939485e-07 6.20084442036748e-06 2.05261129832443e-05 1.99113469519007e-05 7.90015980395516e-06 1.41654105354453e-06 9.66520528639351e-08 0 0 0 0 0 0 0 0 0 0 0 0 0 0 0 0 0 0 0 0 0
0.000454519472104783 0.000424741046749066 0.00038491683383268 0.000285058894895296 0.000261927669663218 0.000313930297898046 0.00026992325483724 0.000233193863270762 0.000151157642004096 0.000137906010723329 0.000160140332869681 0.000224815373668761 0.000222016264030036 0.000222333233272657 0.000186978677020712 8.95667482867308e-05 1.88881596719422e-05 1.72566986976175e-06 1.33090645214798e-07 4.21890763281375e-08 0 0 1.30186221179167e-07 1.0745790784242e-06 3.03071248266129e-06 3.03552020262084e-06 1.15420273475085e-06 1.83053474709205e-07 0 0 0 0 0 0 0 0 0 0 0 0 0 0 0 0 0 0 0 0 0 0
0.000415646895217789 0.000413635920312598 0.000349655068643054 0.000256310420811668 0.000301755781636141 0.000316455711724631 0.000291552550376304 0.000227553860909052 0.00018555971125975 0.000161871071553503 0.000181792526060173 0.000231736315965124 0.000271244064786798 0.000274743862545901 0.000196621044844218 9.5103349599195e-05 2.36288009848361e-05 2.16530860359837e-06 1.39493415154035e-07 3.80531855526906e-08 0 0 0 6.10718052325938e-08 1.69356120706192e-07 1.68099839312939e-07 5.91635325536614e-08 0 0 0 0 0 0 0 0 0 0 0 0 0 0 0 0 0 0 0 0 0 0 0
0.000475617079244126 0.000416265544185785 0.000350739520766676 0.000295753227804463 0.000329492628504911 0.000330126683800196 0.000263845035759396 0.000194430007861513 0.000155518319831987 0.00016428286041714 0.000213039347033357 0.000268898351026094 0.000264465786313169 0.000283071009062882 0.000196275195914298 7.64054936099603e-05 1.92697982370017e-05 3.89961004919595e-06 2.16036272411769e-06 1.19191432864556e-06 4.83407456942172e-07 1.15147060539148e-07 0 0 0 0 0 0 0 0 0 0 0 0 0 0 0 0 0 0 0 0 0 0 0 0 0 0 0 0
0.00047140654950361 0.000476586027827123 0.000435931071811085 0.000394432313146379 0.000368045475003406 0.000302071310588401 0.00021202663830197 0.000183059915821622 0.000150653699832083 0.000144497370098737 0.000170202810594902 0.000290881263982271 0.000331740961199997 0.000270318453682718 0.000190063063340461 8.67736172123356e-05 3.24535099559442e-05 1.68048840670843e-05 1.83234526728046e-05 1.16683638158593e-05 6.72704109281155e-06 2.19514226716572e-06 2.83427871107798e-07 0 0 0 0 0 0 0 0 0 0 0 0 0 0 0 0 0 0 0 0 0 0 0 0 0 0 0
0.000386567884289689 0.000423100886159607 0.000440857578412516 0.000460267618666123 0.000397546396552695 0.000291803701810225 0.000195894897893497 0.000161814894848843 0.000135514361060983 0.000167711256082807 0.000226876945910607 0.000358964310472572 0.000355585710634982 0.000307287574461941 0.000207237918214236 8.93813249771481e-05 5.4243753708273e-05 3.42574017178669e-05 4.5143205660743e-05 4.66798012954588e-05 3.98501176283265e-05 1.4211518686288e-05 1.92693876983694e-06 5.5741580567005e-08 0 0 0 0 0 0 0 0 0 0 0 0 0 0 0 0 0 0 0 0 0 0 0 0 0 0
0.000339453728708372 0.000430949745751213 0.000481032475651068 0.000515205785450632 0.000412309858967917 0.00030094483004887 0.000232653365287992 0.000193876498421078 0.000154230954007131 0.000179800553946281 0.000227260894806849 0.000303551782181837 0.000416589673208984 0.000306031675856818 0.000172113541177809 0.00010346030739526 6.33173409131495e-05 7.17620766240054e-05 4.55558784187379e-05 6.64946967562672e-05 8.33886824331022e-05 4.30757906175699e-05 5.06385305065999e-06 2.12793107438349e-07 0 0 0 0 0 0 0 0 0 0 0 0 0 0 0 0 0 0 0 0 0 0 0 0 0 0
0.000372839477892933 0.000495471600954342 0.000538352375229631 0.000562612892465821 0.000430129758254046 0.00027008167898261 0.000233109943973644 0.000198209980523852 0.000135875009532431 0.000143603950828828 0.000176964322351809 0.000231802956468171 0.000308264250670353 0.000248817366599482 0.000131644909235815 9.7864844541591e-05 6.21950386250195e-05 4.1312876117597e-05 4.05320949615916e-05 6.04473724803819e-05 7.48990643574395e-05 3.38595188134624e-05 4.88754798298044e-06 2.23038761702008e-07 0 0 0 0 0 0 0 0 0 0 0 0 0 0 0 0 0 0 0 0 0 0 0 0 0 0
0.000291990949961809 0.000464843264390639 0.000498755241097705 0.000485575412633737 0.000302491400603105 0.000210824205878104 0.000186941651791546 9.90547085508562e-05 8.7670028667062e-05 0.000116460941243207 0.000138786702642619 0.000117802840830572 0.00013849963030255 0.000166939946495573 0.000147248269835314 0.000151765192120849 8.49952867498869e-05 3.2226271918962e-05 2.04248455067045e-05 1.72453374062212e-05 3.30652990292306e-05 1.16458680101136e-05 2.1813092747609e-06 1.20497403227535e-07 0 0 0 0 0 0 0 0 0 0 0 0 0 0 0 0 0 0 0 0 0 0 0 0 0 0
0.000278945776874121 0.000364833445858954 0.00035487114106796 0.000317620930621186 0.000285706935419666 0.00020093768866577 0.000115593748311669 7.0052280247124e-05 0.000101636540323752 0.000104951975134045 0.000114353680655083 9.9488673956789e-05 9.63843826142638e-05 0.0001074405433694 0.000159450131950808 0.000200592743820877 0.000136159848648278 6.0233024129728e-05 1.83395250885471e-05 1.22413647445627e-05 4.72591958409468e-06 1.63998402743371e-06 3.02380358255862e-07 0 0 0 0 0 0 0 0 0 0 0 0 0 0 0 0 0 0 0 0 0 0 0 0 0 0 0
