simulations/projFolders/pop500/sim3/UDs_popWinter/averageUD_winter.asc
NCOLS 70
NROWS 62
XLLCORNER -958964.946201155
YLLCORNER 1764379.07625817
CELLSIZE 500
NODATA_VALUE -9999
[rows 25 to 49 of 62, columns 0 to 56 of 70]
0 0 0 0 0 0 0 0 0 0 0 0 0 1.17584888387323e-07 1.87927268099983e-06 9.8989235727866e-06 1.81996370384208e-05 2.12943866089559e-05 4.45264802623083e-05 7.25815026308971e-05 0.000182852822947736 0.000307189637483297 0.000399760293789629 0.000406352323986243 0.000395604779146829 0.000371442877923069 0.000527134154252204 0.000709847660113 0.000775241256528681 0.000897916386988962 0.000985634224652404 0.000993037289610905 0.00109808792969532 0.00128939819979271 0.0014122778633242 0.00136143772479364 0.00107356227723056 0.000820849731491406 0.000682953327247899 0.000579139893749549 0.000431289011114668 0.000321780677369338 0.000260232899761976 0.000275623085281428 0.000197863638210824 0.000129532517752448 5.06297261581847e-05 2.3828562747992e-05 1.55830396436804e-05 3.47788346786216e-06 5.25603463889403e-06 1.98704730769439e-05 1.91218145239892e-05 1.21091846407195e-05 4.47298167386206e-06 1.39168731437703e-06 1.29499635691817e-06
0 0 0 0 0 0 0 0 0 0 0 0 0 1.78976606593667e-08 5.29317854804296e-07 3.84062369363614e-06 1.50077612580948e-05 3.1530108167083e-05 7.10148106633744e-05 0.000121432133809932 0.000209505958018865 0.000321662944422489 0.000456327935264683 0.000547018280161573 0.000575625299061004 0.00055595127882421 0.000645376699753754 0.000950210961747397 0.00127496798219502 0.00137162674151871 0.00141915559478049 0.00154279459061017 0.00178874887674282 0.00191817767965393 0.00203607898836942 0.00180717929912598 0.00137595217138508 0.00120398622698562 0.000980273450397193 0.000837357735043211 0.000624489379971384 0.000416071468356104 0.000267579319450484 0.000294099784041054 0.000195398914236813 0.000171110978864314 0.000120030309433134 8.01017672949556e-05 4.98262917042812e-05 1.24782071447589e-05 1.23626692888392e-05 3.36686290641735e-05 2.81822457980656e-05 1.93682853181331e-05 1.57742500344957e-05 7.85538088728406e-06 8.89820419476321e-06
0 0 0 0 0 0 0 0 0 0 0 0 0 2.54193873907283e-08 7.29805846460625e-07 6.07929627739003e-06 1.89385110145407e-05 4.31018673989015e-05 7.46182889931246e-05 0.000128828755377728 0.000244470958885165 0.000386658797325448 0.000497921570553504 0.000570716807835425 0.000677038783320069 0.000870026564183031 0.000930289284762652 0.00116140736975471 0.00154130306427158 0.00172620354122468 0.00190964841346478 0.0022407622216427 0.00258363142109411 0.00263947799197366 0.00243552529221354 0.00220470974991652 0.00177985045802191 0.0016224530884191 0.00134023037237569 0.00107375089163337 0.00078616122069433 0.000489422666447089 0.000325766855640113 0.00032481921562982 0.000254664694783618 0.000208292334596768 0.000192352292927659 0.000142010027429366 8.06442441483899e-05 2.26691552091195e-05 1.98177365232324e-05 1.7455001025919e-05 8.44264512337851e-06 1.05783327771253e-05 1.7195145246449e-05 1.93463806111726e-05 1.07200024676535e-05
0 0 0 0 0 0 0 0 0 0 0 0 0 3.00478914217199e-08 1.15369799488681e-06 1.171563883713e-05 3.53365867866144e-05 7.49619652386043e-05 0.000102718969218115 0.000139831625882628 0.000253375239195754 0.000415108756565226 0.000528409276227212 0.000605522564886907 0.000780824692561974 0.00110834830386496 0.00128932255420251 0.00163989437436132 0.00196818976576719 0.00216097586278666 0.00245454926614239 0.00295353115755003 0.00332428145135033 0.00356843539018743 0.00320480464978813 0.00272402745504162 0.00217727680480286 0.00188242935740524 0.00163928500282468 0.00135333987729542 0.0010508629228474 0.000716687756126454 0.000532321654036063 0.000521816032788312 0.000355906080788088 0.000288538215845626 0.000202285833562283 0.000159823981910737 9.64549575535288e-05 3.87020892401156e-05 2.3641843143701e-05 1.15849841360726e-05 4.77042979157228e-06 3.77595734703119e-06 5.05220986215217e-06 3.76596744267248e-06 5.2273357300232e-06
0 0 0 0 0 0 0 0 0 0 0 0 0 9.44035710073664e-08 2.14416758225938e-06 2.02244013413364e-05 7.3468872186251e-05 0.000134252311144543 0.000168855932689276 0.00024962823507414 0.00032003660186887 0.000451502825642087 0.000533035184382063 0.000669923852261272 0.000869552080787901 0.00111851966391818 0.00145773550715986 0.00181101001929725 0.0023831334056511 0.0026238730964356 0.0030106797551278 0.00357383545519312 0.00393141441193449 0.00411217422784397 0.00437091913140647 0.00361577155112045 0.00286285587711229 0.00249072344798209 0.00198860095437104 0.00161219245325541 0.00131284970883283 0.00104451255841707 0.000773608469546625 0.000633739102998084 0.00040565288109654 0.00027113634249252 0.000215160851502934 0.000194153128786489 0.000145837506920032 0.000102777216911362 7.22027973643168e-05 2.86592294868994e-05 1.57111057818442e-05 6.30848748710309e-06 9.12984920663035e-07 1.59640912938144e-06 1.01206181596411e-05
0 0 0 0 0 0 0 0 0 0 0 4.24545942330696e-08 2.55437760707381e-07 8.89746477920846e-07 4.45320673246424e-06 2.91307287116774e-05 8.77612612460642e-05 0.000127517080883407 0.000194040867188782 0.000304590271641662 0.000333678683424772 0.000421930167895875 0.000493509983311781 0.000688384549291075 0.00090028674125791 0.00118594299209585 0.0014148462048982 0.00188857997921302 0.00241993726255533 0.00287930720298699 0.00369271835425018 0.00480575814277523 0.00549945810904038 0.00565429773737728 0.00541606897436922 0.00445774141482531 0.00366373638538598 0.0031183261135108 0.00234480194192308 0.00190659305180331 0.00156333714907077 0.00111552596837948 0.000787353049078156 0.000471708256262716 0.000332088788829499 0.000245439502943606 0.00025538917823616 0.000237377651968764 0.000227554637452247 0.000189370352124124 0.000171171317458596 6.98591209614922e-05 2.33105645952161e-05 6.15137643281348e-06 6.66642474411537e-07 1.64605661889839e-06 1.17199503176832e-05
0 0 0 0 0 0 0 0 0 0 1.27144943721992e-07 9.53557088236636e-07 4.52687358597835e-06 1.02836135218708e-05 1.74983908990289e-05 3.02028646914321e-05 8.93211439604486e-05 0.000123534496028018 0.00014250165596742 0.000190206076848645 0.000262787836449995 0.00037605126004771 0.000534325791208321 0.00067976454299286 0.0009176698204778 0.00122354760753958 0.00140034920872158 0.00177322580960453 0.0024015740822778 0.00320338891046799 0.00465087557057597 0.00618124464855006 0.00726815502990152 0.00738349494283041 0.0069474078795869 0.00574634019747043 0.00445751031258532 0.00359939055934688 0.00272678728601849 0.00209987551733071 0.00176353403332632 0.00125265299667748 0.000875908737213536 0.000543813990084155 0.000390327245521104 0.000253934284350555 0.000224529561101243 0.000229488815398903 0.00026904134181732 0.00021490480871179 0.000156954674539994 7.29179744286912e-05 1.83964926846793e-05 4.10078046946826e-06 2.10021809705937e-06 2.21443202518824e-06 3.91135434718722e-06
0 0 0 0 0 0 0 0 3.53299692595069e-08 3.82006721434595e-07 1.80769167536823e-06 7.08651208148238e-06 3.3947838478901e-05 6.50554355543489e-05 5.4128561819206e-05 2.78000103132476e-05 5.42688859850822e-05 9.50848013366026e-05 0.000107853323045589 0.000140082680560993 0.000203133235809515 0.000302642082558957 0.000461739759519363 0.000623501727538394 0.000946707695298307 0.00132081522756038 0.00167304935636267 0.00185744984833495 0.00227084775842529 0.0036152842590504 0.00560919062397383 0.00764238087412115 0.00974441567971187 0.0101248699068305 0.00856385846467185 0.00657454623603464 0.00496130995416178 0.00376043314450245 0.00296149074997645 0.00234486839264918 0.00186424511436319 0.00133159495654239 0.00104902856940123 0.000678929779737024 0.000408624442386376 0.000323736657642955 0.000339290677588069 0.000318232642958029 0.000216328332571706 0.000178119157478604 7.10551971676091e-05 2.52217675251755e-05 1.11590593815838e-05 6.91974768589601e-06 1.44747002086784e-05 1.35850922995514e-05 7.842533292364e-06
0 0 0 0 0 0 0 0 2.76345323142437e-07 2.94382521025571e-06 1.26142032127043e-05 2.83094821569191e-05 6.96774390301657e-05 0.00013044088628173 7.870539405469e-05 3.1959317403436e-05 3.38466994011334e-05 8.10986462442882e-05 0.000114504084682039 0.00018122094179057 0.000242277085474761 0.000340729224124951 0.00048765164933431 0.000714912140653026 0.00106971418715022 0.00151160848934264 0.00184672528671223 0.00202115638932849 0.00246524122237094 0.00384959188393571 0.00604315918303625 0.0088265047630261 0.0123447067418301 0.0135699429276162 0.0101374664402928 0.0070008847176516 0.00516174583998897 0.00383130548744735 0.00298226288666313 0.00221442478313386 0.00177450544675961 0.00132878199315787 0.00102180148257988 0.000735654745909401 0.000471125511548631 0.000361790275736274 0.000310578240702051 0.000303181823881521 0.000175939098623335 8.13257188734045e-05 3.57857894868383e-05 1.45769664996278e-05 1.66073208880379e-05 1.27813159738653e-05 2.2387994458957e-05 3.44276353803673e-05 2.53699927771183e-05
0 0 0 0 0 0 0 2.09070294711611e-08 6.74727780448931e-07 8.25554225802e-06 3.24942159431977e-05 5.46753606896897e-05 0.000112994285503493 0.000167993895286219 0.000129421533078027 8.22755462493785e-05 5.81783233357163e-05 9.71084313832094e-05 0.000176108229631456 0.000233668280453269 0.000332580114088359 0.000448055680286633 0.00057258703890945 0.000863996203693725 0.0012352705153394 0.00152049182074698 0.00195251483761913 0.00244714066579086 0.00288216831708558 0.00408717323159936 0.00586876361743754 0.008194615988574 0.0109222627832101 0.0115908075450115 0.00945481516033548 0.00652551328408337 0.00495121310341973 0.00382431727847181 0.0029333236232536 0.0021144320253391 0.00154829657854618 0.00122285043148902 0.000988858553100904 0.000795850630224483 0.000518077724234585 0.00030630795201881 0.000206610921129404 0.000178837465141977 0.000104816848667782 4.77557075912427e-05 4.97625434070854e-05 2.48421981913346e-05 9.00020707967598e-06 6.82647407110642e-06 1.03902536046744e-05 1.6993030910009e-05 8.26525301298882e-06
0 0 0 0 0 0 0 0 4.3885779461715e-07 5.37075561213826e-06 2.61506147137435e-05 6.31534562212541e-05 0.000108168290489624 0.000145249655506882 0.000138542424820494 9.42881531901954e-05 5.89092023004328e-05 0.000110903319683304 0.000145969353291071 0.000219984027154167 0.000238367925334474 0.000393119860080338 0.000670069147361391 0.00103853017363323 0.001327093720467 0.00160811408162217 0.00213364351446728 0.00258757061062123 0.0030325904632963 0.00403379680797889 0.00534057298055346 0.00678911653323531 0.00779528765456735 0.00843472303482014 0.00726149112917801 0.00567046761350714 0.00461154070073163 0.0035428819214252 0.00265708540499215 0.00180088261965407 0.00125460702621047 0.00105738256747936 0.00090338303505859 0.000676890708756847 0.000411919645856159 0.000253535024409122 0.000173656940518551 0.000171832675768789 0.000105577810228419 6.50139725603616e-05 6.45301826233601e-05 4.14434845256361e-05 9.10915743818425e-06 1.40427926125029e-06 2.05711878022194e-06 3.21380631147907e-06 1.4942714991906e-06
0 0 0 0 0 0 0 0 8.99248916766144e-08 1.37618041515597e-06 1.0540048885489e-05 3.90911120074082e-05 9.81893397649641e-05 7.26468245431022e-05 7.48787819727683e-05 4.05367929208662e-05 6.14537345254941e-05 0.000107905092241636 0.000131546234590565 0.000139384765274962 0.000145942327537766 0.000225523624278625 0.000504943794041549 0.000992188333016309 0.00138389226493358 0.00173840898735401 0.00210132174301422 0.00242340928355222 0.00294075264325277 0.00363513791328475 0.00454526723400734 0.00526721987420525 0.00595396037498625 0.00650511407562386 0.00583865361159766 0.00491440556043443 0.00388166815626421 0.00314461231891796 0.00234967828845359 0.00172617212153149 0.00120041650997778 0.000950573118190349 0.000823462563336155 0.000519674097326149 0.000343708027104462 0.000249278151921427 0.000196904156070194 0.000147795979956737 0.000107844644518903 5.44112467460649e-05 4.10726520307333e-05 2.1839027473157e-05 4.18493079738293e-06 3.30789771480088e-07 0 0 1.44863388450329e-08
0 0 0 0 0 0 0 0 0 1.68797239936616e-07 1.75624094161956e-06 8.0533236634738e-06 1.94206065547269e-05 3.09731448147325e-05 2.93414769513546e-05 2.28138560363058e-05 5.98021422088843e-05 0.000108745800302271 0.000133200428325776 0.00022171175012543 0.000229449442774806 0.00028842483183687 0.000491984080154379 0.000790587430218891 0.00126472839302068 0.00171736590244127 0.00191211476719964 0.00218178936427555 0.00244531933179864 0.00296899989266354 0.00352119371644619 0.00377413480879523 0.00430701481187158 0.0049185418146097 0.00460892542326108 0.00413561491036466 0.00348293936221377 0.00277994349725926 0.0020765021988316 0.00159632627807754 0.00114912624800002 0.00099398986344351 0.000831035221454324 0.000566835079037605 0.000401871983134181 0.000323835057113496 0.000237083867115634 0.000108174107341251 4.43184945509427e-05 1.55383571366733e-05 7.28164887734154e-06 3.12176908561525e-06 6.22584833920548e-07 4.85404525656663e-08 0 0 0
0 0 0 0 0 0 0 0 0 0 0 6.39482652493205e-07 4.61438440950542e-06 7.8201611196786e-06 6.65416002615993e-06 8.26658750728911e-06 2.18433673890621e-05 6.19467932639753e-05 0.000131843673425972 0.000179827109877681 0.000212638550266967 0.00032064901038385 0.000438118898074648 0.00064299537089418 0.00100139717430254 0.00134662064846761 0.00150090188433767 0.00172287434786788 0.00193118139380157 0.0023119129258203 0.00269920024848984 0.00302166784591269 0.00333567207360277 0.00357020004539478 0.00342622723605749 0.00330164093421399 0.00298269537999027 0.00239723996051245 0.00181973746078491 0.00148415107518807 0.00108746292213212 0.000989415799691732 0.000751468562243072 0.000530240454426373 0.000366412268925706 0.000260596543623487 0.000207926810480471 0.000102076773564753 3.3492866220774e-05 4.84167463341011e-06 4.26262817307539e-07 1.28618601625625e-07 3.05513167481617e-08 0 0 0 0
0 0 0 0 0 0 0 0 0 0 3.40063707057465e-08 4.06120903892416e-07 2.11012453708927e-06 4.61316143744548e-06 2.54850135452822e-06 1.45944118085452e-06 7.70570064026894e-06 4.13642349771814e-05 8.51075993201439e-05 0.000131497133847426 0.000147941109750738 0.000217911534983089 0.000365849544813904 0.000470572496870302 0.000647848374075364 0.00100633520390788 0.00123651323230921 0.0013571420482952 0.00143263219599544 0.00174093686070658 0.00202207230723497 0.00245139962139068 0.00273128837310409 0.00264859516585822 0.00250464390078878 0.00252872886750372 0.00227839592666693 0.0018617099380592 0.00152408436487222 0.00120575663972917 0.000947189700743039 0.000731739098761772 0.000492213882484505 0.000296385570038349 0.000162739058355442 0.000135077375443375 0.000142196421329053 0.000119527228412283 6.32562506921567e-05 9.0455874656147e-06 5.20027122678762e-07 0 0 0 0 0 0
0 0 0 0 0 0 0 0 0 9.82408983211286e-09 2.84995796463613e-07 3.23555478907762e-06 1.38135533814696e-05 2.82088741731258e-05 1.09680481282715e-05 1.63172342622825e-06 5.08131600364229e-06 3.03344516500249e-05 5.62687185098206e-05 9.70028938853805e-05 0.000114114564832236 0.000143242516339996 0.000253213614434764 0.000317964434565662 0.000475425370499422 0.000679728154242619 0.00100061554100417 0.00117830700119587 0.00109555971518583 0.00111718156402255 0.00134285728193786 0.00179407928202042 0.00203283291009727 0.00205038453690262 0.00212506802292523 0.00198158199881569 0.00187615119955465 0.00157624907460474 0.00126630062377819 0.00104543969556824 0.000886561082768666 0.000562863487515709 0.000315824114899054 0.000153919402090359 8.49543112486176e-05 8.59658961888608e-05 9.41392135374402e-05 0.000105659156675117 6.62496197058953e-05 1.21952961229741e-05 1.17821400665589e-06 6.28214256879977e-08 0 0 0 0 0
0 0 0 0 0 0 0 0 0 2.73528094181388e-08 7.35839014127156e-07 8.35776236119043e-06 3.94742414454827e-05 5.57458549878515e-05 2.45837120372168e-05 3.93499856826667e-06 2.21528799794602e-06 9.3266242134506e-06 2.73896419017498e-05 6.08823059727744e-05 0.000110882280571555 0.00012456627429905 0.000187429887138907 0.000242734013710384 0.000394423816174246 0.000514273224706449 0.000756330965204796 0.00092639753962601 0.000898939762331121 0.000917180886165006 0.00113081680851388 0.00149608592381796 0.00169571146816378 0.0017050811648376 0.00183416988027292 0.00167000885534896 0.00157316195287077 0.00151089643035534 0.00124482937969985 0.000948758692585284 0.000757163572503441 0.000438241866396781 0.000227152865069898 0.00013675870803847 0.000110714985565846 8.74118759459069e-05 9.17089088119878e-05 8.59833587272458e-05 5.29434552069509e-05 2.34588139051127e-05 4.90204752109936e-06 4.10399749047244e-07 0 0 0 0 0
0 0 0 0 0 0 0 0 0 2.21360478518709e-08 5.54805214191073e-07 5.70589536944877e-06 2.05756370030079e-05 3.56956019476436e-05 3.66606384142555e-05 1.1185735466917e-05 6.26483137215213e-06 7.47729996880784e-06 1.99608671187296e-05 5.53983899766182e-05 9.40460705333657e-05 0.000154203758954062 0.000164176425159461 0.000209711033994744 0.000341244998499516 0.00040761754983671 0.000472867764262554 0.000555874498883109 0.000724175518684935 0.000991727577958036 0.00116952000459268 0.00126785378082018 0.00137754498307365 0.00145036935999648 0.0014446768373078 0.00127908726169214 0.001242548436911 0.00131086838457439 0.00110707861732315 0.00081006120660151 0.000563612827509388 0.00029608881353679 0.000146046730047143 0.000106102261802717 0.000109614232873714 0.0001076397880332 0.000114873940015834 8.54669415927661e-05 6.73202270287828e-05 4.56162793967893e-05 1.01587838751737e-05 7.88992118231158e-07 2.31590038369374e-08 0 0 0 0
0 0 0 0 0 0 0 0 0 0 1.79287075343121e-07 2.20375158879603e-06 1.27559845127844e-05 4.46242175643179e-05 4.63355640066294e-05 3.09120090756291e-05 3.44892506196296e-05 3.17895157557493e-05 5.5302439999045e-05 8.59407261103388e-05 8.66554432605227e-05 8.93093858383182e-05 0.000126210003095363 0.000210795721252407 0.000268867725366865 0.000331415979777281 0.000270156028206575 0.00031100630309287 0.000567863488785824 0.000855961531207271 0.00103437303502762 0.000972348312364936 0.000995945940159945 0.00121639970862206 0.00108229154537376 0.000931348659102012 0.000891871158140295 0.000913096060846498 0.00083368677483956 0.000647692446003561 0.000443814014116526 0.000207594050998125 8.17037879138799e-05 7.51062472289284e-05 8.07000568332813e-05 8.41684743894244e-05 8.21072441965653e-05 3.9105596845587e-05 2.60089292871379e-05 1.47408572994094e-05 3.99304082485033e-06 3.66101707278644e-07 0 0 0 0 0
0 0 0 0 0 0 0 0 0 0 1.75628214536754e-07 3.12326522622792e-06 2.41456708815305e-05 5.24671669250422e-05 6.01072143914887e-05 5.62064581241295e-05 4.01089571051867e-05 7.31843430733469e-05 9.58258671112808e-05 5.74862764314639e-05 4.87299483661555e-05 5.24465353414986e-05 8.39104525068861e-05 0.000142769081503127 0.000181409563949548 0.000254406695727578 0.00026888681112592 0.000317497960830258 0.000507045925053349 0.000659724155821942 0.000727508646013781 0.000731874415362597 0.000672239062865993 0.000793996652722092 0.000785394828471706 0.000688721916199003 0.000699358448249696 0.000748981407512184 0.00061886464406016 0.000456269842807629 0.000372838183341975 0.00016501932866209 6.18123403684327e-05 5.28154497575496e-05 5.06062851546015e-05 4.52929327589654e-05 3.71932866858634e-05 1.72875145843077e-05 1.31195970640309e-05 4.45536268056039e-06 7.26479978949502e-07 5.4940049281171e-08 0 0 0 0 0
0 0 0 0 0 0 0 0 0 0 1.16935043508806e-07 1.95073778790257e-06 1.42150521750788e-05 3.57808576026595e-05 5.21381448038092e-05 4.94101013297956e-05 4.23575735292116e-05 0.000102691402684718 0.000118630292818938 5.81270286494307e-05 4.72860544442589e-05 5.46639007108364e-05 5.03626604022109e-05 6.56956003678864e-05 0.000127920159494779 0.000222996305104819 0.000252848150494274 0.000286270304000371 0.000383974329594339 0.000437212277299506 0.000493094364187279 0.000458032281955643 0.000444246216965605 0.000500495276205383 0.000572434446382183 0.000567757992268007 0.000512811675664302 0.00054794741424115 0.000503138765692267 0.000439541772264309 0.000319495266913319 0.000140495526949014 4.69769145784321e-05 1.9001280202491e-05 1.28526779950006e-05 8.80932376680238e-06 5.59102359834497e-06 4.09771272201054e-06 7.46625548169529e-06 4.15790453658057e-06 4.54946450305351e-07 1.78511636522215e-08 0 0 0 0 0
0 0 0 0 0 0 0 0 0 0 2.23770293871028e-08 3.5087339356077e-07 2.37970446383756e-06 8.68273117012685e-06 1.97268149399587e-05 2.27114013453479e-05 3.17971329284927e-05 4.31731422540645e-05 5.98847808365509e-05 2.9010098114708e-05 2.27643845849454e-05 3.28019125709902e-05 2.43475510276323e-05 4.05439698145003e-05 0.000106261134247201 0.00018125696206449 0.00018746605174054 0.000193330036910636 0.000217390171130572 0.000272292655710319 0.000327714193443962 0.00034469621226306 0.000324008390769306 0.000411061970695283 0.000487572004963291 0.000394793800163343 0.0003417744023907 0.000370876026517033 0.000367038353897236 0.000371760255146986 0.000265874470478341 9.51057554797183e-05 1.85790826409645e-05 3.24483864178523e-06 1.11463110107167e-06 6.85466568202236e-07 4.13973415665885e-07 5.47923598925927e-07 1.52847531755817e-06 1.16281479160755e-06 1.65020348545802e-07 0 0 0 0 0 0
0 0 0 0 0 0 0 0 0 0 0 3.14496901489479e-08 5.58441010211797e-07 5.05050673509725e-06 1.81160045658756e-05 2.58840962844054e-05 3.41258592756845e-05 2.57772254764383e-05 1.93800427999793e-05 5.62657056576441e-06 3.3921447165454e-06 5.2263645715804e-06 8.28998725528316e-06 2.87814715593237e-05 7.04475881098315e-05 0.000111877889708032 0.000130191724534689 0.000122417984388398 0.000157989518760412 0.000214773839826697 0.000240970823623518 0.000218860017663871 0.00023484330604071 0.000311226179887215 0.000317074246356169 0.000252693341643015 0.000198140657271271 0.000214989582632928 0.000233138740612636 0.000257953980762547 0.000193984848858044 6.82311004647267e-05 1.13845040042695e-05 7.19451756776373e-07 2.15833733873157e-08 0 0 3.16685400401013e-08 1.01173282044377e-07 8.05549716663669e-08 1.48096660305841e-08 0 0 0 0 0 0
0 0 0 0 0 0 0 0 0 0 0 0 4.19312215050257e-07 5.31248598006011e-06 1.62812305538996e-05 1.72600047124305e-05 1.2177316009344e-05 5.77212090283912e-06 2.87565690887038e-06 7.38743741935506e-07 2.06195400148476e-07 5.41502835540223e-07 4.53857166690657e-06 2.52514406120116e-05 4.53910876245447e-05 6.74955424535396e-05 8.6150574650572e-05 6.89354386005241e-05 0.000117175058653166 0.000158579348622854 0.000213999304021253 0.000186627172976613 0.000191070347026635 0.000167482791051443 0.00012068588782446 0.000108785653721647 0.000153733210791532 0.000151426004244047 0.000165794077072835 0.000153340132692864 0.000102974922354909 4.28924332117216e-05 6.86448391925606e-06 4.3198086324972e-07 0 0 0 0 0 0 0 0 0 0 0 0 0
0 0 0 0 0 0 0 0 0 0 0 0 1.10661989338664e-07 1.13216415076197e-06 3.10192420225586e-06 3.14495102872756e-06 1.61262600199475e-06 5.65792863341708e-07 2.08828017146429e-07 4.69269325667593e-08 0 1.3721289000209e-07 2.34760387379625e-06 1.56999205331461e-05 2.52419741873375e-05 3.66466066481385e-05 4.38092005826071e-05 4.41987637716517e-05 6.83704624415969e-05 0.000107989768251122 0.000154029687952707 0.000168881415406602 0.000145447895833359 8.837964533314e-05 4.37602453859054e-05 3.66615467157004e-05 5.63069444866533e-05 8.58507975661315e-05 0.000110964832073267 0.000107477685218147 6.42617430583584e-05 3.657629888052e-05 6.24458668765467e-06 3.9741394003631e-07 0 0 0 0 0 0 0 0 0 0 0 0 0
