simulations/projFolders/pop1000/sim2/UDs_popWinter/averageUD_winter.asc
NCOLS 119
NROWS 166
XLLCORNER -973148.436414386
YLLCORNER 1739709.73982317
CELLSIZE 500
NODATA_VALUE -9999
[rows 88 to 109 of 166, columns 0 to 49 of 119]
0 0 0 0 0 0 0 0 0 0 0 0 0 0 0 1.25807986546208e-07 1.24735897474244e-06 3.73918796159931e-06 2.93264980586169e-06 1.62718002772218e-06 3.76899750175304e-06 7.3847989591572e-06 7.18124397486524e-06 1.06716379580862e-05 4.30073263355703e-06 6.61177328213198e-07 1.06685061530968e-06 8.72564130002226e-06 1.67890042157169e-05 1.66159980088727e-05 3.53349410188133e-05 6.41034692871771e-05 0.000103878468331124 0.000121463999217727 0.000129031002591141 0.000151371076784753 0.000108311444579396 0.000108522929309754 0.000104802995976734 0.000117532216075899 0.000140361860470218 0.000153967842542761 0.000143936812955325 0.000153052792035675 0.000167057842106366 0.000279127955587326 0.000356062233640163 0.0003914828898635 0.000414063781723295 0.000391846627208438
0 0 0 0 0 0 0 0 0 0 0 0 0 0 0 4.11817542266666e-07 4.92236763504522e-06 1.80601719864309e-05 1.58940292980606e-05 8.93125683551167e-06 8.81163869528609e-06 5.04955090854849e-06 5.8635957570722e-06 1.47319603790862e-05 9.34691634533517e-06 2.10118666404619e-06 1.40750082285656e-06 9.50242300099293e-06 2.29151956860694e-05 2.7507815524878e-05 4.76879850287274e-05 6.65021166564257e-05 0.00011050472414496 0.000135182648970117 0.000127431616255859 0.000148432210167871 0.000127214029499989 0.000109196320235048 0.000116833120647532 0.000124863751300002 0.000160075932827543 0.000175208717679154 0.00014077833302465 0.000125898376175152 0.000157041043127877 0.000234754577405766 0.000316874116830152 0.000368666053017234 0.000426217138997233 0.000423969060411349
0 0 0 0 0 0 0 0 0 0 0 0 0 0 0 3.40584753032154e-07 3.94019251901931e-06 1.55737632969613e-05 3.98554988420496e-05 3.54828499449033e-05 3.28780934392005e-05 1.2614618993652e-05 7.19703827441667e-06 9.80621763102871e-06 1.23693561248172e-05 4.43274248630584e-06 1.6317830895497e-06 7.26316497121777e-06 2.63245739184808e-05 4.19962592649577e-05 4.83226478360576e-05 3.80583442952959e-05 5.05759381030721e-05 7.51907304335064e-05 9.60329771560072e-05 0.000129152089427068 0.00012047677493636 9.94753614604809e-05 0.000100274540538061 0.00012740597135743 0.000169064357968006 0.000162630632607479 0.000164289593785246 0.000174722001050817 0.000207711711638 0.000300380230112039 0.000348424226233621 0.000321786850864481 0.000382211059538138 0.000450337827448664
0 0 0 0 0 0 0 0 0 0 0 0 0 0 0 1.6177003280607e-07 1.86242885056798e-06 1.03943608757318e-05 3.39171774868403e-05 6.58944994566769e-05 6.78614825376486e-05 3.48460562715212e-05 1.62592940120219e-05 6.62000943332504e-06 1.37328021302417e-05 1.05923581925567e-05 4.36619296905563e-06 6.11180253656691e-06 1.50102237320476e-05 2.15855073300252e-05 2.89171561754817e-05 2.40141637752892e-05 2.42483932655766e-05 3.49017270097714e-05 7.91880116293966e-05 0.000111422732532544 0.00010244197403952 0.00010452684765734 0.00014381624766004 0.000192666187986388 0.000221711591005753 0.000253195971387161 0.000270647227910173 0.000244489088786446 0.000241118163000516 0.00033067667502127 0.000403980136135655 0.000345127016492157 0.00042342132352789 0.000464760422957393
0 0 0 0 0 0 0 0 0 0 0 0 0 0 9.55941050567312e-09 2.94336496312673e-07 3.36334342318468e-06 1.54107511126706e-05 3.04685421452424e-05 4.67431471003992e-05 4.72331121818785e-05 3.55304330779112e-05 1.55385015616221e-05 5.08829299635082e-06 1.65136829107702e-05 2.74912752359439e-05 1.58478599127217e-05 6.83751982074385e-06 8.01262911841508e-06 6.72630872940386e-06 5.51064731850556e-06 6.06915727585225e-06 7.61310290956034e-06 2.42801364642269e-05 9.06010121595992e-05 0.000130332633923287 0.000123294979400409 0.000120433114534038 0.000123186253077699 0.000175860390161996 0.00025550821437318 0.000303000927134937 0.000349808454702309 0.000281306445750398 0.00026187005653207 0.000330929666936156 0.000389088243456034 0.000428784609072318 0.000499154299766952 0.000486964673066649
0 0 0 0 0 0 0 0 0 0 0 0 0 0 1.02293151995301e-08 3.06120695478624e-07 3.28618986709418e-06 1.06998207105319e-05 1.37241976409702e-05 1.64594147443181e-05 2.50902399556127e-05 3.04667335168015e-05 1.47747118105744e-05 6.53818343187517e-06 1.64092574357125e-05 2.77709588558325e-05 2.44746841622336e-05 1.32238864970039e-05 1.35970329939184e-05 7.12614413735353e-06 1.26031017930268e-06 1.60648324613534e-06 8.04883242087764e-06 3.04076150223782e-05 0.000106015875992762 0.000160602614370224 0.000137586623504495 0.000112389199496357 9.89452452001431e-05 0.000125452995367988 0.00023080259573993 0.000339343130771644 0.000357208937599293 0.000285873621856454 0.000292897194781997 0.000345963418670419 0.000397658854937557 0.000413286537155004 0.000478401750584306 0.000488856613899808
0 0 0 0 0 0 0 0 0 0 0 0 0 0 0 8.7894499349339e-08 7.73932203136772e-07 2.03962414635509e-06 3.2776664028867e-06 6.88760728015628e-06 1.55983753586539e-05 2.46052891148779e-05 1.94621700898524e-05 1.40748927445663e-05 2.0130287866726e-05 1.38537660315883e-05 1.00252237225032e-05 8.81712139128581e-06 1.44459335211385e-05 6.89843343943074e-06 1.41877669451948e-06 3.88677208894118e-06 1.73899270687957e-05 3.49884405920955e-05 8.93214941506766e-05 0.000126791596481076 0.000105702661034878 8.88132602455638e-05 9.73781347800241e-05 0.000104157827850756 0.000201207921017501 0.000322454422886325 0.000307583630250966 0.000276478856951177 0.000292330950656325 0.000352299332808817 0.000358812987998031 0.000372586250506226 0.000394007832024515 0.000414738744721096
0 0 0 0 0 0 0 0 0 0 0 0 0 0 0 0 4.59798248150765e-08 1.4827825369864e-07 3.99250362749515e-07 2.14852229807978e-06 1.04321446326043e-05 1.65356639861881e-05 2.51019634441883e-05 2.05614026746836e-05 9.75969993104671e-06 3.49149690198058e-06 1.45129708185874e-06 1.56001350926596e-06 3.28266248284092e-06 3.26869473968994e-06 3.52035509612383e-06 1.41958277749131e-05 3.62500846581564e-05 4.88255806530728e-05 6.34889379486306e-05 7.72078186690195e-05 6.80685267219682e-05 8.39168206310099e-05 9.77375209858912e-05 7.64219239766513e-05 0.000121562779015334 0.000246923685207095 0.000275433838516089 0.000272709340004258 0.000307196706699198 0.000360567599729554 0.000354214161825582 0.000353173256110985 0.000379202634300766 0.000391517549964455
0 0 0 0 0 0 0 0 0 0 0 0 0 0 0 0 0 0 6.00014755360455e-08 8.88558687190368e-07 6.38608541684234e-06 1.31205730211009e-05 2.18297317741887e-05 1.54747851276454e-05 4.50574280937261e-06 6.3476990942637e-07 1.00500219613993e-07 1.39132782426303e-07 8.60979781019363e-07 5.63672697475731e-06 9.17069148767134e-06 2.56986040760668e-05 5.15804812590459e-05 5.27309552119601e-05 6.66568205120237e-05 6.53290897960325e-05 7.13939220098459e-05 8.80077034709897e-05 9.86206681068435e-05 0.000100827910060454 9.8450981133657e-05 0.000175470709895406 0.00025022277249487 0.000278712302596761 0.000312446743418492 0.000344511479325229 0.00037256819029885 0.000368054598768475 0.000366894483764263 0.000341788917964355
0 0 0 0 0 0 0 0 0 0 0 0 0 0 0 0 0 0 0 1.72633619606517e-07 1.10710074719177e-06 3.51008400510414e-06 5.20069804323212e-06 4.17408254222801e-06 1.23426562707418e-06 1.30993503332974e-07 0 2.54513561368189e-08 5.86708891522083e-07 4.05218312735468e-06 1.55743500301836e-05 1.89811810953521e-05 4.50479053203955e-05 4.29706238442074e-05 5.20665608627418e-05 0.000102034121806844 9.24147740505125e-05 9.01413038859403e-05 0.000110523834884202 8.18039104783881e-05 9.66980979368341e-05 0.000133220493865374 0.000220094040154966 0.000253917753833458 0.000293324738899201 0.000302971124812534 0.000318766296081891 0.000331893623054306 0.000332444876611809 0.000351568579863476
0 0 0 0 0 0 0 0 0 0 0 0 0 0 0 0 0 0 0 1.11084755249892e-08 8.12548678806788e-08 2.61375855329857e-07 4.0136551273293e-07 3.35330463893982e-07 1.13806294455137e-07 1.29654645276719e-08 0 9.29415328347593e-08 7.80406175602383e-07 4.4113118225298e-06 1.66521445006581e-05 4.03178744235636e-05 5.30789830077011e-05 3.24829667981906e-05 3.3755775559282e-05 6.70075193409102e-05 7.39724636477042e-05 8.96501690633067e-05 0.000104172311779444 8.65821615328693e-05 7.74504468262892e-05 0.000136752650215509 0.000172067120764121 0.000215794950840093 0.000227017745498134 0.000283179789934377 0.000346708774753737 0.000343358755296974 0.000342743218130046 0.000360419541791852
0 0 0 0 0 0 0 0 0 0 0 0 0 0 0 0 0 0 0 0 0 0 0 0 0 0 3.7530327992742e-08 6.67831569804756e-07 4.03321581178982e-06 1.48996384894781e-05 3.70584540269074e-05 6.82520121704277e-05 8.76648426528955e-05 4.36394028601094e-05 2.58772522350711e-05 4.15183827505035e-05 7.45294765040114e-05 7.54076913406059e-05 8.96444246656634e-05 9.32333991434606e-05 7.72359371602074e-05 0.000112053774357703 0.000120000608330153 0.000162934571592514 0.000204564631095645 0.000283914983425755 0.000360249281123959 0.000335993319931137 0.00032325428741732 0.000358302772238479
0 0 0 0 0 0 0 0 0 0 0 0 0 0 0 0 0 0 0 0 0 0 0 0 0 0 6.55899130278293e-08 1.2470301014581e-06 8.60033650415301e-06 2.34651882328053e-05 5.25908172414369e-05 7.80486613933196e-05 8.09615999897096e-05 4.70793918029198e-05 3.67828235228657e-05 4.35710512336763e-05 5.9732385011957e-05 6.74329996472883e-05 5.11180423475968e-05 6.23712726273927e-05 7.69456997928976e-05 0.000105591505822893 0.000104877904114096 0.000118843421404118 0.000174768358563316 0.000239140793810187 0.000294433295885655 0.000329764187513911 0.00034036394972094 0.000365996390778626
0 0 0 0 0 0 0 0 0 0 0 0 0 0 0 0 0 0 0 0 0 0 0 0 0 0 3.57285971596848e-08 7.69654056472646e-07 5.99238789032399e-06 2.11506001765417e-05 4.50388528649653e-05 7.44071305199633e-05 8.41342285729454e-05 8.3357729062715e-05 6.03664443222585e-05 5.74293509435603e-05 6.04536906210956e-05 4.57619503387385e-05 4.0022145978351e-05 6.47993907682083e-05 9.43168998273529e-05 0.000141477495508242 0.000119883112674076 0.000114664986791496 0.000151178762398281 0.000213539973016572 0.000280691087397404 0.000310685604978363 0.000339002043191733 0.000365429073769347
0 0 0 0 0 0 0 0 0 0 0 0 0 0 0 0 0 0 0 0 0 0 0 0 0 0 4.25009966649814e-08 9.62880556991224e-07 6.58547925186867e-06 2.03633997699232e-05 3.52121889781225e-05 4.73493896680272e-05 6.52284771555973e-05 9.63578224702084e-05 8.88593197348389e-05 8.07864144880396e-05 6.50847033017409e-05 3.73776219986906e-05 3.26320119378222e-05 6.06858283608792e-05 9.43849608811425e-05 0.000110281810223961 0.000128828197787183 0.000127003938028203 0.000185053438048083 0.000210691958779539 0.000271128893044863 0.000321294725114627 0.000369558721980194 0.000466710090889048
0 0 0 0 0 0 0 0 0 0 0 0 0 0 0 0 0 0 0 0 0 0 0 0 0 0 1.48254344901907e-07 2.4951573009097e-06 1.77136808729389e-05 2.70958338079036e-05 2.82330829802512e-05 2.69016754027333e-05 3.53572517824229e-05 5.52444160282692e-05 5.63085750049215e-05 5.54223656953422e-05 4.59879488001069e-05 2.39185392985664e-05 2.05031149199973e-05 4.87605035568139e-05 8.03711414770847e-05 8.72738361829579e-05 7.66957477148972e-05 9.24385041497265e-05 0.000145428389389311 0.000184801519016804 0.00023089595151486 0.000284562021647464 0.000367811829050174 0.000461793333541195
0 0 0 0 0 0 0 0 0 0 0 0 0 0 0 0 0 0 0 0 0 0 0 0 0 0 1.56165842866043e-07 2.29307450477835e-06 1.33513407853765e-05 1.37007143422386e-05 1.33986957443535e-05 2.89699528522652e-05 2.54703108358732e-05 1.78291238940602e-05 1.34324003083471e-05 1.86739005249177e-05 2.41432655732973e-05 2.20971480131178e-05 2.05562170705854e-05 3.41860354131156e-05 6.19008317923782e-05 9.18675214547925e-05 8.89339223983961e-05 8.38204995250009e-05 0.000122001946038276 0.000139601349905957 0.00015965534755262 0.000235768407710459 0.000347665429302899 0.00040116941950511
0 0 0 0 0 0 0 0 0 0 0 0 0 0 0 0 0 0 0 0 0 0 0 0 0 0 4.37401504550064e-08 5.66195522274872e-07 2.25043320218464e-06 2.47800396889053e-06 6.21052924878744e-06 3.12949121167253e-05 2.17572618393285e-05 8.97872634716544e-06 6.81232754508691e-06 1.67106930256655e-05 2.95038689087094e-05 2.40174606572052e-05 1.96152869717824e-05 4.49690073971218e-05 8.76314417000615e-05 0.00011154368525802 0.000111443862379129 0.000118401855294222 0.000103826671894786 0.00011388693010992 0.000135924637391004 0.000190365672214234 0.000287211179888258 0.000348118215987179
0 0 0 0 0 0 0 0 0 0 0 0 0 0 0 0 0 0 0 0 0 0 0 0 0 0 0 3.71027781711867e-08 1.17420029773408e-07 2.95160629480161e-07 2.49431259133406e-06 1.15693965989196e-05 1.52475331060909e-05 1.34951965956195e-05 2.08830777668391e-05 4.0176689646466e-05 6.38277978049422e-05 4.44168858469791e-05 3.26007940051042e-05 5.99170290256999e-05 9.18664187688636e-05 9.04588625323138e-05 9.75155607392085e-05 0.000110596887826994 0.000109434038459702 9.338204567703e-05 0.000106938220618255 0.00016433191308306 0.000203212350716573 0.000269057303812254
0 0 0 0 0 0 0 0 0 0 0 0 0 0 0 0 0 0 0 0 0 0 0 0 0 0 0 0 0 2.20720277985451e-07 2.4363757124279e-06 1.25298621200582e-05 3.18601429634353e-05 3.32511291087286e-05 5.12182303049377e-05 8.56490284666652e-05 8.92689824586012e-05 6.90063089504673e-05 6.48215562454961e-05 5.49245402513289e-05 4.71799895421938e-05 4.69473228111875e-05 6.59648552892916e-05 0.000110165305495104 0.000118876531784308 0.000106488242802861 0.000103495284970817 0.000132860496711898 0.000158734083261313 0.000212625682468708
0 0 0 0 0 0 0 0 0 0 0 0 0 0 0 0 0 0 0 0 0 0 0 0 0 0 0 0 5.45787516169929e-08 3.7028230164623e-07 3.48804099673496e-06 1.10740186706337e-05 4.10878658516391e-05 8.09041783650181e-05 9.61962789816187e-05 0.000103095553870996 0.000121745027667414 0.00010466048872158 7.92742073963689e-05 5.47965020237016e-05 5.10582551635645e-05 5.00410124929564e-05 9.06505063665313e-05 0.000117997430328622 0.000123060897059088 0.000121570780938899 0.00013733413822909 0.000128771394560682 0.000142813950854117 0.000229384467129507
0 0 0 0 0 0 0 0 0 0 0 0 0 0 0 0 0 0 0 0 0 0 0 0 0 0 0 1.48661885840012e-07 7.21096701843481e-07 1.55254220673772e-06 2.10625049771775e-06 5.44599164571185e-06 3.61589491562457e-05 9.4366841069121e-05 0.000140836745576561 0.000144253015596029 0.00015916289397722 0.000104383736905157 9.32706967499489e-05 8.09437260468479e-05 7.48315379427349e-05 7.32231066026031e-05 8.98672938831794e-05 0.000106027111468308 0.000115869782927572 0.000132511571121195 0.00012282275415134 0.000125144764848527 0.000156335830772837 0.000238148436078786
