simulations/projFolders/pop1000/sim2/UDs_popWinter/averageUD_winter.asc
NCOLS 119
NROWS 166
XLLCORNER -973148.436414386
YLLCORNER 1739709.73982317
CELLSIZE 500
NODATA_VALUE -9999
[rows 66 to 87 of 166, columns 50 to 99 of 119]
0.000202587902655247 0.000260112971207788 0.000286628037845783 0.000259509384772144 0.000329758227049431 0.00041928568505024 0.000445753008367744 0.000389522046060943 0.000351343065689847 0.000327553481040322 0.000340082645599771 0.000327504456219968 0.000298622161311118 0.000318034172229719 0.000366744697291862 0.000374142825805376 0.000373748302661394 0.000284489005957575 0.000204465523472491 0.000184890657763114 0.000204391941538476 0.000151392638765012 0.000113389827372225 9.93878171384198e-05 0.000116458311739821 0.000108141951321305 0.000143239229994819 0.000102595143075514 5.85659966188792e-05 5.77064603878512e-05 6.1453133854648e-05 4.90709990527776e-05 2.80427001568004e-05 2.02078092952337e-05 1.76066625958321e-05 3.4822955746368e-05 5.87944016177817e-05 6.95693716782224e-05 6.94301277773714e-05 6.50878697984963e-05 3.77564877475389e-05 2.86609791373891e-05 2.12278217191802e-05 1.59593522634793e-05 6.22468022965508e-06 1.80740526509211e-06 5.66719286449586e-06 1.29626803170057e-05 1.28962667728514e-05 3.07086529375916e-06
0.00022699873161644 0.000296027004878519 0.000333084792078463 0.000298162877720553 0.000358143001988072 0.000425448090067603 0.000458545595654921 0.000394777596209882 0.000362389683918998 0.000339436501447735 0.000377135873044387 0.000340886056607132 0.000390379786702046 0.000416767835841957 0.000458279431113533 0.000450479567294016 0.000403967648962567 0.000303121358319771 0.00025677418722657 0.000235934436448571 0.000242873922121451 0.000189793989164724 0.000148459658106805 0.000152769684874001 0.000148288399061112 0.000141264662222796 0.000101289220208942 8.84622782946145e-05 5.66364117272339e-05 5.57925664189516e-05 6.73134997850297e-05 5.37688061885104e-05 2.86033321326345e-05 1.34835038406889e-05 1.00797480026634e-05 2.44823005182529e-05 5.33172413994484e-05 6.82344586025318e-05 7.13730305818408e-05 6.31496087057412e-05 3.72807420991365e-05 3.64515334564448e-05 3.17515097729832e-05 1.23645514316522e-05 5.18631656002714e-06 1.12137314924013e-06 1.3901087230122e-06 5.8115236492522e-06 1.01709533537673e-05 8.48154165308383e-06
0.00029537934080804 0.000327250510630765 0.000349684834668978 0.000359962910607981 0.000386139959305273 0.000458583742627598 0.000469778627410708 0.000413092434629189 0.000407438725452935 0.000368266016443608 0.000373605698548692 0.000380560606923417 0.000378718584980284 0.000447341531756511 0.000552742541134599 0.0005233634713136 0.000395529955838965 0.000332734286964672 0.000308395981955048 0.00029105585829228 0.000252741396563536 0.000200415462363624 0.000178742602563988 0.000185039937596034 0.000172900125477629 0.000144371897060097 0.000102317437584775 8.43229294278256e-05 5.11614792325003e-05 6.03393465606129e-05 5.31461127389156e-05 3.30587327658704e-05 1.29005219856972e-05 7.61051848941439e-06 5.20238094312536e-06 9.60016623657414e-06 2.47708894446047e-05 4.60758805523593e-05 6.51509911173475e-05 5.10680787540868e-05 4.51377034430884e-05 3.74994166397743e-05 2.21975483120058e-05 1.07824858336219e-05 9.6954638190731e-06 3.11470823530542e-06 5.02859009701159e-07 1.82390154903454e-06 1.0454599751213e-05 2.02079042901364e-05
0.000345502615161412 0.00039060300609685 0.000335460126581011 0.000377709895576206 0.000437660247323644 0.000501013100417598 0.000457814306267777 0.000407555371742824 0.000402320504405633 0.000395411908839924 0.000455267668016052 0.000476095587272057 0.00046600157047622 0.000501912832530968 0.000610265434117604 0.000548839927015824 0.000454155236727686 0.000374677419864655 0.000343899697250924 0.000374369234048677 0.000313290149142519 0.000243556901943979 0.000217823356507539 0.00023273421836537 0.000232487663752123 0.000182541385391508 0.000143790349441871 0.000112973727346824 9.28435251617744e-05 7.25190267358138e-05 6.47057369700545e-05 4.41894978523286e-05 2.31457147872174e-05 1.36091327368143e-05 9.36822128056357e-06 6.33301399989924e-06 1.46017223675365e-05 3.7876874228889e-05 7.25849271212292e-05 4.81885038576279e-05 3.75253781878782e-05 2.51357425139878e-05 1.603170298905e-05 1.13766752244827e-05 1.60547420469132e-05 5.58305299210811e-06 6.16391480767296e-07 7.36537215231685e-07 4.47628880161192e-06 7.01671047514815e-06
0.00036676871796372 0.000389372527809443 0.000368220448692652 0.000416985601411761 0.000452065885310925 0.000492698371676234 0.000433148622746548 0.000423622101773924 0.000498547345668877 0.000467099040998739 0.000488189757133701 0.000474453628319221 0.00045448160196033 0.000566603064842792 0.000670604050521318 0.000575837791276761 0.000548043489751905 0.000462602049361944 0.00040455460570231 0.000374622106754273 0.000378856867756238 0.000325116783555944 0.000233004212505187 0.000241009816657418 0.000237014204391582 0.000225166753055958 0.000206398114673409 0.000161694496957293 0.000140734732226973 9.38037857919465e-05 0.000118346370820487 0.000103024296518129 9.24204886458334e-05 4.27658669881323e-05 2.40810793023115e-05 1.40647739247876e-05 1.86347588997306e-05 2.77203358859393e-05 4.20433245826139e-05 3.37400026801498e-05 1.74980368559606e-05 1.2164263992615e-05 1.57546717758554e-05 2.28122081730677e-05 1.72675959859088e-05 4.3117865012011e-06 1.48885417809956e-06 1.06569682305443e-06 7.6788937481578e-07 8.0142816339093e-07
0.000367754608591159 0.000421948075522181 0.000481463909408972 0.000466583401216509 0.000492316514519274 0.000453389406448876 0.000355044424725429 0.000401719749190618 0.000517883301060704 0.000547607541379783 0.000582640171365423 0.000520809114260372 0.000481074393055154 0.000551196217834356 0.000614434242580089 0.000559453308884191 0.000617812216615267 0.000574533701253016 0.000476447820920547 0.000411946147902572 0.000394115150187491 0.000347644269653992 0.000229166925077121 0.000201813817133131 0.000216130823013583 0.000248218670621345 0.000251169413463704 0.000190665125949747 0.000157990619625468 0.000130858704518359 0.000155943974936711 0.000165943339556593 0.000137528613283936 7.93883130382724e-05 6.22258112170302e-05 3.7372592856785e-05 2.31453478461228e-05 1.6628066086801e-05 2.12309584136132e-05 1.96553189413513e-05 9.9227475055952e-06 8.36042687748003e-06 1.60001795825274e-05 2.07127425931403e-05 1.15637527841144e-05 5.35697210869177e-06 1.01095615009381e-05 7.4965264688651e-06 1.64371286607568e-06 1.10397260928493e-07
0.000362389654116676 0.000463424533855643 0.00050951117304639 0.000477302104492252 0.000456982225426264 0.000442971527815478 0.000407660871964133 0.000409395009500164 0.000486887604260913 0.000656852007266674 0.000681448400388314 0.000653118610734508 0.000568257332154781 0.000556335747542177 0.000569952845880977 0.000543464124495986 0.000554296493829376 0.000588664770443991 0.00052815634040722 0.00040258926174907 0.00038796815297081 0.000320808321410675 0.000234527185685826 0.000216474026558385 0.000261931508920866 0.000247935205831801 0.000224730357648999 0.000197123661743676 0.000192066416248012 0.000155541807497033 0.000135029956771281 0.000119483515684706 0.000114608064355705 0.000109965607583257 7.96789527369346e-05 4.55703102298113e-05 2.67939698095661e-05 1.59158334221892e-05 2.08523180448281e-05 2.62366738311961e-05 1.44908791486137e-05 1.07160788087257e-05 1.22716212711392e-05 1.09936585709171e-05 4.891118503021e-06 1.41782481299852e-05 2.8434811175312e-05 1.66209563702626e-05 3.12450668011824e-06 2.06803000876514e-07
0.000420785874355401 0.000472733259456141 0.000498763025076113 0.000445924371721566 0.000448123008254582 0.000483456492684888 0.000454590797669617 0.000419213861453247 0.000523617148681901 0.000650159240119813 0.000687585115803766 0.000678263605006957 0.000639588654386418 0.000562790513342322 0.000567353904553433 0.000529564619350089 0.000510631144322324 0.000540007412725017 0.000509693265236277 0.000398221194958994 0.000338034868422763 0.000329378605066651 0.000254991740125923 0.000279484063537729 0.000325735867199238 0.000309177905487956 0.00030104255692514 0.000291341751971099 0.000253645092385786 0.000165383964866235 9.05797705543059e-05 8.60350281464389e-05 9.02465284357675e-05 8.52787718637013e-05 9.18641612429415e-05 5.07391989504902e-05 2.7555350229112e-05 1.57603900964666e-05 1.43962493244011e-05 2.59362105420115e-05 2.43934951854251e-05 1.66421216071047e-05 8.3819273904492e-06 4.86285286286616e-06 3.28193418858717e-06 1.50111923075258e-05 3.35024185659469e-05 1.50299053720276e-05 2.80311540851754e-06 1.9233794602234e-07
0.000492855578926914 0.000536668420127542 0.000496931880980658 0.000502313792976589 0.000466427535070337 0.000486120641493852 0.000489409178759496 0.000485276043676929 0.000535254061510904 0.00065629738604674 0.000656027317401117 0.000593802869640337 0.000628449321132268 0.000594092965446615 0.000598254323328499 0.000589545131047799 0.000553042054474757 0.000452749401575255 0.000458640724668034 0.000409676820260814 0.000321337312633342 0.000327783405957667 0.000288613915599159 0.000287559241211612 0.000341638416236216 0.000334834605636078 0.000338399887267564 0.000297884285610723 0.000264332562827649 0.000192587226733179 0.000125878468223786 7.33179152407501e-05 7.06128850960295e-05 9.69868600891849e-05 0.000103855066057456 6.97057471055421e-05 5.05200699244359e-05 2.56641581793035e-05 1.58560331996409e-05 2.22389213860829e-05 2.46987827255488e-05 2.37240642437206e-05 9.31225065644413e-06 1.42459466664624e-06 2.65796156743543e-06 8.82918760656904e-06 8.89930129531422e-06 6.15708716545945e-06 1.13950425354785e-06 8.37044645319677e-08
0.000507981062209536 0.000553285062611637 0.000542702913577149 0.000478049189110269 0.000457621842869693 0.000500956476005031 0.000573952734780077 0.0004789186718664 0.000493785530595201 0.000563158512419363 0.00056996256143808 0.000532506227780631 0.000585654080230117 0.000623569667675808 0.000650925994270618 0.000584500611143801 0.000553243398964916 0.000492667854098093 0.000466395378364464 0.000404250711420758 0.000380211353507167 0.000407617420178068 0.00035196685810008 0.000273855030684426 0.000305582016871361 0.000348297745177339 0.000365937590796523 0.000325532734569734 0.000271973520664108 0.000213376000638707 0.000156868502582321 9.324752544428e-05 9.62106660527591e-05 0.000120452679758696 0.000112775743068515 9.81320441298724e-05 8.68567899338201e-05 6.06671870082156e-05 4.7642864312608e-05 3.573473917386e-05 2.45756767822794e-05 2.69935205724463e-05 1.19049372215734e-05 3.72301158696144e-06 5.17645385395664e-06 8.86051543535086e-06 3.22931865404459e-06 7.41818745555179e-07 1.49828629299822e-07 1.21464063406225e-08
0.000424365341892352 0.000506073355947825 0.000548518956003535 0.000514468133727166 0.000496634334593778 0.000590179205259261 0.000575331032586607 0.000542007863814048 0.000539604246907538 0.00049642407920922 0.000525853455350436 0.000574924052071861 0.000660019994138196 0.000711715996649459 0.000699345946689323 0.000666356861950911 0.000649520397536766 0.000534359216978408 0.00048719033625189 0.000457117617376944 0.000423542350759171 0.0004253399374396 0.0003580763937975 0.000242029950153299 0.000249585449830266 0.000282793849859248 0.000357168764068692 0.000339753925983658 0.00026083147539862 0.00019850610207302 0.000154999718153669 0.000117015861037931 0.00011294033384457 0.000104930557367203 0.000111642777980013 0.000112280920208484 0.000109579935729029 9.24084410570017e-05 7.05855861687076e-05 4.26649563244731e-05 2.22415626169059e-05 1.64096895693874e-05 1.07917748449862e-05 1.77611932254311e-05 1.46297933612731e-05 1.25742722370527e-05 2.38359952474111e-06 1.77746507784339e-07 9.16102181275645e-09 0
0.000441109508514012 0.000508445203578652 0.000569839299032618 0.000587193787414785 0.00065355789696674 0.000678418696292747 0.000611447573038072 0.00060029035839048 0.000585681319552794 0.000505812526022147 0.000573836028885544 0.000623664975502856 0.000722250879200615 0.000811632335623968 0.000746909857199303 0.000674834490186534 0.000628253519874075 0.000537904441646917 0.000494346618919097 0.000431154936784702 0.000474393159407064 0.000468655586495566 0.000346323162504155 0.000257542163272593 0.00021138949703656 0.000244390845430642 0.000315699696711187 0.000322419732983047 0.000279661417158354 0.000199273109543565 0.000185952901940552 0.000165707498878251 0.000166038036436031 8.83954689383659e-05 9.64308158083558e-05 9.54326540746667e-05 9.10292193784773e-05 8.11603367766592e-05 5.66704273529675e-05 3.99477817333729e-05 1.48803237905928e-05 7.47206481576833e-06 1.37067372053318e-05 1.95066724077819e-05 2.69327871646777e-05 1.56718026931214e-05 2.07039783820472e-06 1.10917513726061e-07 0 0
0.000460418880234255 0.000558590948883116 0.000614397585723532 0.00066501921451214 0.000735054314533146 0.000724927127752474 0.000693100572006388 0.000688176095857033 0.000647807836882155 0.000589237094243433 0.000644097805370754 0.000657980621216105 0.000769849360404583 0.000850052476387956 0.000728279412185741 0.000605483234255404 0.000638186872349834 0.000600323617782283 0.000502909481796795 0.000482601553462091 0.000554727554620625 0.000540666818910523 0.000400730967737905 0.00030761951224714 0.000258393794437603 0.000278369903714664 0.000305230647490221 0.000292044162907834 0.000268742412473736 0.000263645976924111 0.000237072512635365 0.00022535957408191 0.0001810984016442 0.000106983624456438 0.000108283214329499 7.38726109664904e-05 6.42667413104662e-05 6.0925010624621e-05 3.96433435594378e-05 2.28770338122313e-05 1.0923502972656e-05 5.23759518101314e-06 1.07807722000837e-05 1.86957139622721e-05 2.26577092084362e-05 8.19806382502425e-06 1.03416363764479e-06 4.78856236699456e-08 0 0
0.0004718931617899 0.000498101860553585 0.000592301488242279 0.000651510119789732 0.000690799773112172 0.00070973044672163 0.000735425234237784 0.000763853848392681 0.00070578151979384 0.000696506023782823 0.000782500923102145 0.000754055023600254 0.000863498747814736 0.00085833609150473 0.000721866608055541 0.000678342640765972 0.000684777558219396 0.000642940163959301 0.000544057905967559 0.000555341124834274 0.000540469229512986 0.000468222618355684 0.00040171220920305 0.000299295336169574 0.000288038730776766 0.000278414845616849 0.000239122301469135 0.000243414014709214 0.000249201059475902 0.000250531017915493 0.000279855430277202 0.000243638798725944 0.000182229861715421 0.000129629597137782 0.000106263406632067 8.23730081764301e-05 5.78039884879176e-05 3.76492031121756e-05 2.20417995124785e-05 1.41634205432667e-05 1.0159499017416e-05 1.10119357764538e-05 1.69919207783836e-05 2.2792672750732e-05 9.3035008808509e-06 2.96306703399569e-06 3.69586865617091e-07 1.14662061667359e-08 0 0
0.000517816186230651 0.000460857123385203 0.000568087280103145 0.000689513683691159 0.000662436306834049 0.000741255581778924 0.000778054595413436 0.000751706719804126 0.000761521637850651 0.000752198338914498 0.00083943080947396 0.000843416512467596 0.000909811020388402 0.00091507709075715 0.000874547183985554 0.000885227025032882 0.00091934949209231 0.000800213695004251 0.000646261871209782 0.000604780555097768 0.000501990378173863 0.000427720308534634 0.000406170398216075 0.000388567984313831 0.000351100266169223 0.00033527216333361 0.000283790886555266 0.000283006489429599 0.000284941613827921 0.000282004326734127 0.000259102761885267 0.000223185628773005 0.000161440491763445 0.000110078141152653 0.000115760155084609 9.41318646581285e-05 5.04027828846158e-05 2.10007932150437e-05 1.51377571828392e-05 8.42582807399512e-06 4.80674859395719e-06 3.9436924292566e-06 9.56718344757634e-06 1.84706337849627e-05 9.13146511212994e-06 3.87548655480655e-06 6.04012806760115e-07 3.8026930290072e-08 0 0
0.000515499115268402 0.000540154159360533 0.000603575706807628 0.00075053465406863 0.000741846681041481 0.000821406007256287 0.00085392248676602 0.000764432669098407 0.000719836593062685 0.000798747837974498 0.000883936405658864 0.000931352913882235 0.000990868270931867 0.000965008318944951 0.00100320828015102 0.000981351197295445 0.00100566327626135 0.000890068352702731 0.000762014627867854 0.000688098371400204 0.000537535429290913 0.000451452702527467 0.000458672851571585 0.000446132272722655 0.000411264211161329 0.000408698827248812 0.000331654399812371 0.000357969463064715 0.000288916975415683 0.000239584252367555 0.000182480260828258 0.000172363534662749 0.000110239356815696 8.3496637687439e-05 8.2335986241424e-05 6.18713498449402e-05 2.59665735206055e-05 1.5928117566955e-05 2.00191643197081e-05 1.52312647633487e-05 6.78287027769722e-06 7.66818458628184e-06 1.10462540820243e-05 1.88007634234551e-05 1.6495194295009e-05 9.02926642934937e-06 1.42861309072723e-06 8.99479346602371e-08 0 0
0.000500570059092744 0.000585222840624934 0.000753995478560091 0.000871726334565392 0.000757805943897993 0.000758483171872296 0.000820401192154121 0.000739395916860929 0.000803175449804738 0.000944129288706024 0.00101461768205079 0.000943722904237726 0.000937907338648498 0.000990324855385156 0.00102529370840085 0.00095847350410683 0.000873632789129562 0.000869920433037013 0.000777886927547592 0.000709630191709064 0.000647829532972865 0.000475453228014966 0.000473330527799435 0.000472522527234423 0.000448964953664812 0.000404363543013379 0.000320086628371345 0.000338170230571121 0.00028354024902385 0.000187094301086294 0.000125485256381991 9.91392732201529e-05 7.85710141486712e-05 8.35330114219329e-05 6.5699689125704e-05 3.84845696597341e-05 2.16282438603522e-05 1.15701481762377e-05 1.49925761005717e-05 1.61558780906356e-05 1.86971537869732e-05 2.53042429822136e-05 2.01715920229325e-05 2.96791177403145e-05 3.07821780609295e-05 1.0769331833571e-05 1.35181157457013e-06 7.83509531597575e-08 0 0
0.000523898065372879 0.000643325806011206 0.000840083003497444 0.000907480657590362 0.00078314667982399 0.000765930235799197 0.000747717976973604 0.000689783335104268 0.000755377471854599 0.000941800892861261 0.000989365399417689 0.000854994118675015 0.000772098780094976 0.000910785019889203 0.00101454627568631 0.000927625120186681 0.000827892303913534 0.000780346513215576 0.000788340926595744 0.000712019682314754 0.000645941257825362 0.000487800479198463 0.000447890669349123 0.000474875420588202 0.000521078110022389 0.000451229900365176 0.000367103398044314 0.00033365643042449 0.000258683025976532 0.000153326153837924 8.26382637469849e-05 6.60210475681839e-05 5.10131120957034e-05 7.97644928528141e-05 7.73907155216114e-05 7.29037747180466e-05 4.51059639697283e-05 3.14062535932258e-05 2.70802639570928e-05 2.63089984797346e-05 3.9240457138732e-05 4.19905483949271e-05 2.21314542114949e-05 2.06021759770223e-05 1.90363489194118e-05 4.63857827958427e-06 5.10850339472281e-07 2.48368014715523e-08 0 0
0.000647123158327251 0.000802498579458303 0.000816938341104737 0.000821961164918024 0.000760995209627711 0.000776324928225766 0.000772689521729663 0.000650171816699868 0.000646723986020975 0.000755632341315796 0.000790635586211546 0.000768807173190123 0.000742491424484364 0.000846351981619723 0.000923614740870094 0.000892346919064434 0.000849632144432773 0.000779288411560952 0.000835112214539073 0.000730382204449906 0.000631591260774009 0.00054364109068642 0.000521298110766374 0.000511794448175033 0.000529637694644623 0.000534338474562015 0.000478749752303015 0.000342902988380453 0.000211190089697357 0.000115594111445337 6.4076997374302e-05 5.14953062216159e-05 6.90042302384796e-05 7.49397725271248e-05 7.5341858010416e-05 7.88539052435085e-05 5.18962517660751e-05 3.33094112754794e-05 2.37708892801524e-05 2.12510265524619e-05 2.84099746648788e-05 3.17590832881641e-05 1.89062748206354e-05 1.9795637588454e-05 1.3482716873113e-05 2.59739533206907e-06 1.99790214645451e-07 0 0 0
0.0007019393447849 0.000756169438770157 0.000686274409664448 0.000689314604177502 0.000721861482056087 0.0008219625954295 0.000859176636205806 0.000779586136761766 0.000695593893903333 0.000715772748379706 0.000760017633848222 0.000745769799158069 0.000791285276839948 0.000897886395938914 0.000901760101804957 0.000916608751314769 0.0008896766905817 0.000855609059795495 0.00085513526247392 0.000730355382359743 0.000596227825009687 0.000591537535509781 0.000555832922758581 0.000590733111223458 0.000547341227826783 0.000544928670223552 0.000493221640852999 0.000327537030158355 0.000175540864562344 9.04030278812903e-05 5.6753661514151e-05 6.88700154795342e-05 8.26539770214723e-05 8.28586444705802e-05 6.21731020845688e-05 4.79467585941594e-05 3.61775830583286e-05 2.63086632036075e-05 2.38226540515226e-05 1.92087218269049e-05 1.56312547708459e-05 1.90601460738512e-05 1.59852188166807e-05 1.18633881275297e-05 8.90851580087244e-06 2.37042363860963e-06 1.87707381075022e-07 0 0 0
0.000553640008271466 0.000636714935646311 0.000677291393645501 0.000674722493058941 0.000764920711930091 0.000821896553483053 0.000863178909290699 0.000804386914210452 0.000762776017600626 0.000788546145387817 0.000796652377081644 0.000741527378959247 0.000775059163988632 0.000872863293165096 0.000873615563387212 0.000898664713390811 0.000821692824807101 0.000825655341593907 0.000895471632963825 0.000775068760336446 0.000674344540006216 0.000589794636090963 0.000543940425212643 0.000538197994522594 0.000494930327205698 0.000434200972552948 0.000414944768175873 0.000265527963781587 0.000145903810937457 7.30396807587884e-05 3.88075001747208e-05 4.51038442795474e-05 6.23051263728175e-05 6.5434642171406e-05 4.8795480307445e-05 4.6106860066498e-05 3.83752472905764e-05 4.50920500104561e-05 3.97715121722255e-05 3.00413090897779e-05 3.02902441635264e-05 2.2144412633805e-05 1.7547300094894e-05 4.97242948308683e-06 3.88937327289349e-06 1.367096091427e-06 1.09668224527074e-07 0 0 0
0.000457892000922284 0.000518878281396477 0.00060726553234444 0.000690227628126664 0.00072471928635603 0.000765347421582269 0.000858048499093534 0.000905655861389578 0.000788734317251474 0.000788938939997099 0.000751724660802213 0.000805182218986119 0.000823275864568545 0.000870814741127705 0.000859400570856348 0.00094369518807789 0.000847978115539363 0.000804522276358809 0.000842766464211325 0.000782902121966345 0.000806761026817781 0.000686762094868263 0.000554481923879373 0.000467643887056925 0.000345970899053342 0.00030161100642267 0.000273435413984981 0.000199385613310639 0.000135619714929329 7.10875466849544e-05 3.81467156318037e-05 4.74829376000088e-05 5.49204647837402e-05 4.45337221266728e-05 4.59798351178325e-05 6.05402775435495e-05 6.34257048710704e-05 6.78776726492944e-05 8.96277130133754e-05 6.41146377074979e-05 4.95418794720476e-05 2.75885258018829e-05 8.78207479146154e-06 1.39009743072598e-06 4.43440163747342e-07 1.69738021305153e-07 1.76204102994728e-08 0 0 0
