simulations/projFolders/pop1000/sim2/UDs_popWinter/averageUD_winter.asc
NCOLS 119
NROWS 166
XLLCORNER -973148.436414386
YLLCORNER 1739709.73982317
CELLSIZE 500
NODATA_VALUE -9999
[rows 110 to 131 of 166, columns 50 to 99 of 119]
0.000231117621188899 0.000226562172296709 0.000227511748794299 0.000223814085246695 0.000228130564216691 0.000223523959638094 0.000242210954558418 0.000245839923752881 0.00023294585955792 0.000249753028289142 0.000245558783544485 0.000263271451138462 0.000346724033542808 0.000389416545839634 0.000439832180975786 0.000420161783921944 0.000415485710129824 0.000303214162751736 0.000288522541678669 0.000270731330063997 0.000237176209816169 0.000193580120906383 0.0001981609464761 0.000171287328097265 0.000154337257230117 0.000140882343129839 0.000101909875924742 7.52518028426924e-05 8.79359692809638e-05 0.000103117145653578 5.42946271891317e-05 4.81286533436605e-05 6.20006770230114e-05 8.4932215557629e-05 4.26407605639715e-05 2.63121426247482e-05 2.63661854111371e-05 1.50544745928818e-05 3.45209799893214e-06 3.52194445630593e-07 1.49670922918449e-08 0 0 0 0 0 0 0 0 0
0.000181392669775615 0.000227724909905292 0.000211178705210199 0.000186330199342183 0.000202210188021102 0.00020316569518085 0.000253269821542077 0.000250633061067403 0.000270086854842015 0.000314186841419004 0.000303526133462659 0.000287779271757919 0.00036676934381249 0.00037756377478946 0.000404229551771852 0.000403885543564345 0.000377872616256531 0.000370034069022534 0.000299857050342241 0.000293935865322413 0.000280254572781156 0.000221596330523857 0.000185947969656194 0.000146532684643661 0.000142672911363342 0.000116417057875033 7.53852576424165e-05 6.8704150654196e-05 7.14588314680413e-05 5.73627166759558e-05 4.75668497640269e-05 5.3631827264162e-05 7.0135898925957e-05 7.91979507039183e-05 4.40643429993939e-05 2.3887898785845e-05 2.32640300071604e-05 2.26948857429898e-05 8.21849517967719e-06 1.0489590937344e-06 5.59187392656685e-08 0 0 0 0 0 0 0 0 0
0.000150244474492084 0.000184445709089625 0.000198131516682727 0.000170530915352335 0.000162161797372584 0.000200395882237804 0.000284005344067284 0.000300605207843865 0.000299766004247297 0.000321690797979373 0.000367267757852371 0.000330888480126594 0.000356496930314744 0.00038768571636139 0.000420534700382182 0.000405000716666372 0.000368295371731175 0.000358740806773169 0.000307263612912994 0.000265951514387589 0.000252369403975292 0.000223347693802237 0.000190411180360545 0.000131655648421758 0.000108959615289356 0.000122510381109065 9.42818597467867e-05 7.8854754609697e-05 7.46645629808871e-05 5.49823865591146e-05 4.30090837412695e-05 4.42914627731428e-05 5.20109199268139e-05 4.77512702603518e-05 2.00778264660696e-05 8.50417744827207e-06 8.04024562673505e-06 1.28188263694078e-05 8.79414193806734e-06 1.32734968864272e-06 7.56661029708022e-08 0 0 0 0 0 0 0 0 0
0.000161047697154163 0.000199480861533041 0.000253987133640014 0.000220708057403451 0.000199764877665549 0.000251889586584591 0.000293717801729385 0.000299067586821764 0.000314281940629794 0.00032752704638035 0.000346428960748688 0.00034627115745156 0.000305607706473273 0.000335231483163529 0.000375423342192099 0.000371788591347089 0.000276175409704462 0.000242467180025285 0.000273187399057937 0.000234502703077971 0.000241341903935963 0.000209695518129969 0.000201700985540511 0.000160759955731355 0.000111863784552378 9.72862318683114e-05 8.65938887467352e-05 7.38558993142025e-05 6.55308962221896e-05 3.77847328985971e-05 3.03950589314205e-05 3.32871973694177e-05 2.78594941051135e-05 1.74815543090262e-05 1.25710126080398e-05 7.45495548874084e-06 2.05731997377426e-06 2.75653018764885e-06 2.20418162762849e-06 4.81159426531553e-07 3.02187654760282e-08 0 0 0 0 0 0 0 0 0
0.000154379934155799 0.000196979925142722 0.000282590449008842 0.000268998444225507 0.000226504609110986 0.000253393948214889 0.000252370238440319 0.000233846232421222 0.000259195983549746 0.000270472049859084 0.000262996256493386 0.000259521126887171 0.000237267568835498 0.000258776128431721 0.000283292621526997 0.000285068094884202 0.000194404274330137 0.000171599373313994 0.000196385040985221 0.000209745362514189 0.000222840622187698 0.00019963644455715 0.000178128093577183 0.000151665896259132 0.000100660122985321 6.86941370738683e-05 8.12667534193825e-05 8.34170505854598e-05 6.29366636615857e-05 2.85716056977905e-05 2.09894869589818e-05 2.51985751228408e-05 1.41310868861038e-05 7.0641133972378e-06 8.74551851774301e-06 7.67054688599362e-06 1.57098495486214e-06 1.14128852208263e-07 0 0 0 0 0 0 0 0 0 0 0 0
0.000134953484011993 0.000162252336828046 0.000229849994306616 0.000272260695842791 0.000239376440773434 0.00021808956575241 0.000190817028387039 0.000188563481074994 0.000202623456825875 0.000176945582127685 0.000160061284986082 0.000183899492124609 0.000207117304317657 0.000215384319540852 0.000246902898087218 0.000236556470521782 0.000179627508021962 0.000162994250743127 0.000160064473834579 0.000196347653971765 0.000213331490870197 0.000206031873933389 0.000164348378866188 0.000156691566194209 0.000128914237091963 9.4577856412901e-05 0.000105681195912167 0.000101938873584441 6.26896545629225e-05 4.01498563804317e-05 4.18373532819008e-05 3.81303057280301e-05 1.70238204392266e-05 9.37583111732486e-06 1.29988910700488e-05 1.15701314124313e-05 2.22492264703766e-06 1.59219562278364e-07 0 0 0 0 0 0 0 0 0 0 0 0
0.000151477530680379 0.000129642501543383 0.000164133980958815 0.000250251442329023 0.000241050839554206 0.000205506384483604 0.000172129660937685 0.000164440915077251 0.000171484455558805 0.000120511844819248 0.000114459164502395 0.000163931191056018 0.000182050868967064 0.000179495558239519 0.000224648326756583 0.000250978946821221 0.000209501817935505 0.000197847113120027 0.000161780774680652 0.000159538865175505 0.000200088039148535 0.000199652329194991 0.000161803767172386 0.000152157068334669 0.000141960784869503 8.94074142461667e-05 7.66462088044815e-05 9.22376215955638e-05 7.98555165960158e-05 5.77072128964919e-05 4.39439565180439e-05 4.39644716917286e-05 2.19868477552563e-05 1.63781847893163e-05 4.24919277658871e-05 1.96181200550559e-05 3.54271754813627e-06 4.38095885565349e-07 3.69207082457299e-08 0 0 0 0 0 0 0 0 0 0 0
0.000150769949040707 0.000110320016801282 0.000129282042453909 0.0001882124395194 0.00022060923290236 0.000154896363699573 0.000109701342939922 0.000123233437604645 0.000152690112673183 0.000123744756050126 0.000121227867966741 0.000135904282404802 0.000126373514601235 0.000169428736062876 0.000200356260050169 0.000190490797264846 0.000182292431691308 0.000161701813427443 0.000175825208520399 0.000154967710459408 0.000166263565510822 0.000173921734188469 0.000147181034167555 0.000113587305011053 8.9075036394978e-05 5.55133000315767e-05 4.15940992758606e-05 6.49851858966541e-05 7.54814744402971e-05 5.24323843702481e-05 4.92477864292768e-05 5.39674870961055e-05 3.34512666048311e-05 1.95251517103174e-05 3.74628044867012e-05 2.89963241823022e-05 1.01972883622239e-05 2.4506403146497e-06 2.30114747079395e-07 7.16434852097395e-09 0 0 0 0 0 0 0 0 0 0
0.000112329460741099 7.254055146317e-05 0.000102391280289111 0.000147604525168913 0.000156236529434587 0.000110361099302716 6.65310100079962e-05 9.25315395496904e-05 0.000134441986752577 0.000134612396432082 0.000133651584458945 0.00014157690115462 0.000152752488933974 0.000200197890508915 0.0001699606628143 0.000135042935682688 0.000155262872660495 0.000162640363065744 0.000151610463939461 0.000142997086125289 0.000169640287848459 0.00015297040351539 8.94576088076753e-05 8.02405626014726e-05 8.8672332513497e-05 5.60608245734886e-05 3.45652811415746e-05 4.61786873887814e-05 6.53828233833265e-05 5.1074218032502e-05 3.03039383306709e-05 3.83104607669609e-05 3.6813512464361e-05 2.12460681910719e-05 3.20138782435552e-05 2.62183807931756e-05 1.55385974878474e-05 4.6384460317786e-06 3.87828680895928e-07 1.14317390460042e-08 0 0 0 0 0 0 0 0 0 0
8.49138349752865e-05 6.25428185204391e-05 7.8908488196991e-05 9.4006985476676e-05 0.000110929645657793 7.96483606529872e-05 6.2457393888559e-05 0.000100399553829964 0.000151871562086041 0.000121203966504173 0.000119173258607321 0.000167981505484626 0.000180251047112455 0.000173160940502146 0.000167351380080882 0.000161877662030786 0.000165364787071769 0.000155353486621763 0.000145148068744781 0.000157177537764487 0.000154234796845693 0.000116250157418992 7.49323815511687e-05 6.88837319984205e-05 9.6841208689017e-05 7.04892427109568e-05 4.97042276233422e-05 5.3075857489139e-05 4.93225828079297e-05 5.75059317362671e-05 3.34073938609625e-05 2.35713645943042e-05 1.92664302989496e-05 1.61303617147225e-05 1.81110166110969e-05 8.30223784298666e-06 6.26574037934688e-06 1.84778694628794e-06 1.6858860917639e-07 0 0 0 0 0 0 0 0 0 0 0
8.30731317849202e-05 5.86121045369281e-05 5.10761291064261e-05 5.11883385755667e-05 5.25862798378509e-05 6.17280155753393e-05 8.78336728093129e-05 0.00014468622215449 0.000180383607842507 0.000134173706246298 0.000104902982768399 0.000140695437864884 0.000137267261817616 0.000136579021885184 0.000146151781161018 0.000161126464692277 0.000182502314546836 0.000155866623008912 0.000145360499698875 0.000164057329385592 0.000125732064314977 8.11990574440423e-05 7.16371611147249e-05 6.8971231616998e-05 7.57830664924427e-05 6.70750663046383e-05 5.37124201945225e-05 3.94091122065053e-05 3.61244417921924e-05 5.12349568583868e-05 6.22666925527875e-05 3.37753184321983e-05 2.39797160158808e-05 1.52491442941458e-05 6.8393559232007e-06 1.79586582914044e-06 6.01379841424934e-07 2.03586561948022e-07 2.1218704216689e-08 0 0 0 0 0 0 0 0 0 0 0
4.71714213745027e-05 4.04520929077994e-05 3.96471731578666e-05 3.78526821936777e-05 4.56725992508816e-05 6.98042139787642e-05 9.72318798828275e-05 0.000129713699291606 0.000164914608090698 0.000134740755034675 0.000130539938877928 0.000170619607063808 0.000119288101856704 7.35560357967563e-05 8.60111117827099e-05 9.97993648590741e-05 0.000122642815179247 0.000153665736400554 0.000180509343840729 0.000178716302014467 9.03107375393864e-05 5.96911833012337e-05 5.64718246764688e-05 5.62341586058792e-05 6.31567836148599e-05 5.94943836652404e-05 5.66624515064342e-05 3.53806168031874e-05 3.18061299793687e-05 3.77934389020293e-05 3.71520631215776e-05 3.46808918007595e-05 2.63589546226639e-05 2.00620554495826e-05 4.65515023348592e-06 4.86255740077921e-07 2.27404471056543e-08 0 0 0 0 0 0 0 0 0 0 0 0 0
3.85570004790462e-05 4.99777198107513e-05 6.36421740398503e-05 4.80990223846106e-05 6.42188713301051e-05 9.88232493933832e-05 0.000111018531084363 9.96452570499242e-05 0.000115501821103433 0.00012647214538723 0.000133187905025826 0.000137171000316252 9.48476791893642e-05 8.27729255407663e-05 8.76779631253338e-05 0.000105995111224627 0.000124205380745199 0.000156621679748172 0.000165312826722658 0.000165934115737809 9.84539390141556e-05 4.74739671009652e-05 3.88463586778451e-05 4.51207719986727e-05 6.16224892769978e-05 4.48959432784586e-05 4.13493812307323e-05 3.15921493045096e-05 3.42565998619872e-05 3.68706509669897e-05 2.81682554784424e-05 1.9633470113739e-05 9.67445225045586e-06 5.06134378065592e-06 1.79243879489465e-06 1.86663703162366e-07 0 0 0 0 0 0 0 0 0 0 0 0 0 0
5.46924956438028e-05 7.25556165371451e-05 8.05818215447376e-05 8.17698240721388e-05 0.000103250965531751 9.9801681989641e-05 7.22780526074375e-05 6.88943043722933e-05 0.000109141431807761 0.000156135782683701 0.000135202020479679 0.000107755295990439 7.49685019659221e-05 6.76597506172974e-05 9.9663913303749e-05 0.000135934308244624 0.000150433406314963 0.000127316281268156 0.00011845761543944 0.000113992974223613 8.88488516690945e-05 4.54079360014846e-05 3.69619094034803e-05 3.44672873802207e-05 5.73277771782276e-05 4.58300635465923e-05 4.08079214614295e-05 2.75572296380686e-05 2.09048651271614e-05 3.28905284582235e-05 3.46723571606811e-05 1.48965576743996e-05 2.31338688297232e-06 1.7983154985513e-07 7.84182521297462e-09 0 0 0 0 0 0 0 0 0 0 0 0 0 0 0
6.32282421334036e-05 8.59009251462025e-05 8.65334049334167e-05 0.000107493296323606 0.000116636984113212 8.58120844231169e-05 3.96569185172927e-05 3.95832769786329e-05 9.56882611433433e-05 0.000150031954131023 0.000116395086112841 0.000102362282629412 7.87549987860309e-05 6.52506575340463e-05 9.6284136228065e-05 0.000125324651666557 0.000131727412414106 0.000102483540828693 9.68129709885394e-05 7.24642202649133e-05 5.40244430595094e-05 4.82869483791082e-05 4.19073663878079e-05 2.9885515586767e-05 1.27588445389573e-05 1.55364591712149e-05 2.04533115139703e-05 1.32879419323979e-05 1.05084246081194e-05 2.93923411676939e-05 3.84022779969967e-05 1.22526120460584e-05 1.27255485927436e-06 1.63730510482439e-07 1.99205053029972e-07 9.51999973553781e-08 1.2028728640086e-08 0 0 0 0 0 0 0 0 0 0 0 0 0
5.57468012276103e-05 0.000101156443412052 8.81595165013146e-05 7.63400644475887e-05 8.60428885089729e-05 6.20037876404123e-05 2.95484010289613e-05 2.89631858624343e-05 7.53942430426212e-05 0.000122896552152192 0.000108404062746846 0.000126774758168918 0.000114446073832279 0.000108270146011125 0.000118985384766888 0.000122112877732843 9.79565233520754e-05 7.19616040975736e-05 5.53410388827925e-05 5.18787168246308e-05 5.43444082434169e-05 6.53402805680951e-05 4.59038764486059e-05 1.97184756504604e-05 5.74630080101025e-06 2.49227066658812e-06 4.90644434731714e-06 3.24978307064895e-06 4.59367875257654e-06 1.94363929436183e-05 3.14827114513526e-05 9.05885920417374e-06 1.08415540366262e-06 1.53452053283257e-06 2.75076506807822e-06 1.25147437278657e-06 1.48378429083126e-07 6.04154866194629e-09 0 0 0 0 0 0 0 0 0 0 0 0
3.91819700810146e-05 7.21348002942231e-05 9.29551721120795e-05 5.41398078495344e-05 4.51017022376246e-05 3.32571752548862e-05 3.52026336085018e-05 4.47284318748076e-05 7.52709806371592e-05 0.000111545734167685 0.000125766798921739 0.000128253594110077 0.000140023544506291 0.000147553011854638 0.000126324743100621 0.000104850165602518 9.06075090658832e-05 5.46556525227311e-05 4.29222062461722e-05 5.07347286021297e-05 4.3384071462915e-05 3.66454385418746e-05 2.35872268804036e-05 9.15669184672217e-06 1.61819288128762e-06 2.88872979737234e-07 3.71230533546853e-07 4.38066607111893e-07 3.33605241210471e-06 2.92185880401444e-05 2.19163913398034e-05 6.84716925394465e-06 2.31611007018197e-06 8.79945233939067e-06 1.54389096507293e-05 6.49581803359434e-06 8.1087811893767e-07 4.40300828141729e-08 0 0 0 0 0 0 0 0 0 0 0 0
2.9975339786492e-05 7.30397031105302e-05 9.34612751511405e-05 5.08984588361257e-05 4.14724946245823e-05 3.04492302403248e-05 4.20732721913394e-05 5.17111681680767e-05 6.58121779916171e-05 0.000113657824756441 0.000131352424692461 0.000130522444914677 0.000141518965439867 0.000130018457840507 0.000100877672488288 9.16603580611832e-05 9.23207626244897e-05 5.8019064398125e-05 4.37954887984089e-05 5.21158986074812e-05 4.60746549318504e-05 3.98232974326924e-05 2.72762663809619e-05 8.10717978020879e-06 1.28417462179815e-06 1.76100293269411e-07 1.15969214738293e-08 1.50657288112948e-07 2.09103105702581e-06 1.19911748980616e-05 1.76425110643935e-05 6.65092654885123e-06 8.69938452266196e-06 2.27984096977947e-05 3.33280377269818e-05 1.48564810013472e-05 2.34735966786748e-06 1.90377788488106e-07 6.49401636460692e-09 0 0 0 0 0 0 0 0 0 0 0
9.65300202890574e-06 3.11600826848803e-05 5.45521006282489e-05 4.37118299541312e-05 3.73475924335785e-05 3.54848690522461e-05 4.19267565238218e-05 3.58453020646877e-05 4.13120761736633e-05 8.75775441999942e-05 0.000120976112848235 0.000134031713081205 0.000110862538278321 8.49582776885711e-05 8.83652791857709e-05 8.80293548582161e-05 7.95657486152839e-05 7.04492852471939e-05 4.90851700570806e-05 4.78668250401821e-05 4.8169337239032e-05 5.48905022738534e-05 4.13993448242422e-05 1.79544445224132e-05 5.45841502320264e-06 1.30301609240004e-06 1.54138499139163e-07 2.65787966925649e-07 2.18676892227215e-06 7.20884278805629e-06 1.069747284632e-05 8.22945684638633e-06 1.33943241161859e-05 3.33500951708509e-05 3.82070578840907e-05 1.75072513615188e-05 4.99484082953447e-06 5.34433231511759e-07 2.19754565596651e-08 0 0 0 0 0 0 0 0 0 0 0
2.06572166755505e-06 1.06132188869168e-05 2.33147721863432e-05 3.28044220982183e-05 2.36075464763476e-05 3.65054756599956e-05 2.8820764288957e-05 1.42580261530924e-05 2.47944258287231e-05 7.67319202837147e-05 9.27863792085651e-05 9.80151445202436e-05 9.22201648852158e-05 6.71920404200731e-05 5.76658808006082e-05 6.52553663009861e-05 8.88904706123314e-05 0.000110442385137072 7.28038847839297e-05 4.20152247178774e-05 3.69002782007493e-05 5.15498891750984e-05 3.67049612302956e-05 2.32146624600986e-05 1.42513513641965e-05 4.34522005032526e-06 8.51029297796158e-07 1.14977150286192e-06 4.66473540542903e-06 6.68498687806845e-06 4.53426968550976e-06 1.14461006658449e-05 2.2009247925833e-05 2.03006565680375e-05 1.71972550544553e-05 1.67293027133615e-05 7.12554296863129e-06 8.45239614592615e-07 3.47843633977734e-08 0 0 0 0 0 0 0 0 0 0 0
8.89551709886087e-07 6.0708359847939e-06 1.00658210048751e-05 7.91390333751712e-06 9.66871437207055e-06 2.09621507787569e-05 1.66396312505389e-05 9.03003290782869e-06 1.99420191455208e-05 5.36831580392122e-05 7.16927871494915e-05 6.52790442461359e-05 6.678088012961e-05 6.42233789313687e-05 4.39187512038709e-05 5.71217350969988e-05 9.35671926049635e-05 0.00010243205731674 8.42434689857165e-05 5.20887896699647e-05 3.05764712558277e-05 2.95236837278176e-05 2.87876334196697e-05 2.02727224787194e-05 1.66666060776046e-05 7.61174736955226e-06 5.25751943052393e-06 6.87733712045916e-06 1.02152191157627e-05 5.54514257536536e-06 1.58982607621806e-06 3.69906891336966e-06 8.7855272042475e-06 1.12559655741991e-05 9.56988335172161e-06 1.26622468301435e-05 5.50238974689328e-06 5.87673043217973e-07 2.24830473719879e-08 0 0 0 0 0 0 0 0 0 0 0
3.70475958534194e-07 2.19119829243941e-06 2.08902382404579e-06 9.66636697351997e-07 1.83447240950809e-06 7.57721811941847e-06 1.24754132770265e-05 8.73863231862258e-06 2.13941745575478e-05 3.72286252878329e-05 4.44795750321555e-05 3.93213629934777e-05 4.15874906108675e-05 3.74444760584229e-05 4.52560857182568e-05 5.93511611543485e-05 8.25764462797388e-05 7.30920657909937e-05 6.06307015150128e-05 4.75933030504506e-05 2.38497424999425e-05 2.0038999627913e-05 2.71809250263019e-05 3.00893969996216e-05 2.1714953717386e-05 1.40320835710784e-05 1.97600983189875e-05 2.37822998443427e-05 2.38014496991323e-05 1.04852216374829e-05 1.74140778929831e-06 5.38475578941398e-07 1.25121953964695e-06 2.16750428197519e-06 3.35104670556411e-06 2.88747414171044e-06 9.9018111412759e-07 1.23393038005097e-07 0 0 0 0 0 0 0 0 0 0 0 0
