simulations/projFolders/pop1000/sim2/UDs_popWinter/averageUD_winter.asc
NCOLS 119
NROWS 166
XLLCORNER -973148.436414386
YLLCORNER 1739709.73982317
CELLSIZE 500
NODATA_VALUE -9999
[rows 88 to 109 of 166, columns 50 to 99 of 119]
0.000418676227557083 0.000436173379656597 0.000560193181340188 0.000689829945936508 0.000686656415833019 0.000769016683516622 0.000894858301168755 0.000862512946594264 0.000745675385400694 0.000741814494533285 0.000772707522332395 0.00079816514296686 0.000827329636066551 0.00089954310704134 0.000941844285042681 0.0010219790941031 0.000981045127444358 0.000883912027359138 0.000796968639326993 0.000803523779348993 0.000894372165685705 0.000727923930084108 0.000545338630970539 0.000429663121932137 0.000318261891775207 0.000284885615264124 0.000235041931398384 0.000152231633745323 0.000106409952101907 8.1433489962651e-05 7.38573968809033e-05 7.71440640508172e-05 7.35964104930328e-05 6.32782504303971e-05 7.04238862179253e-05 8.17611068928357e-05 7.97858387662358e-05 6.7195870018502e-05 8.4506191358867e-05 6.73204288249886e-05 6.17136732076825e-05 2.46225576980657e-05 5.90329012220759e-06 5.49206103028925e-07 0 0 0 0 0 0
0.000389769733162441 0.000394035458777383 0.000524097264095826 0.000626153767446795 0.000666352868439709 0.000734438777366219 0.0007956237797262 0.000762040138655832 0.000693623781578509 0.000702906728170127 0.000804023743109639 0.000851909757120159 0.000869672954551772 0.00101249647195138 0.000940086424858017 0.00100592613274495 0.00106312787590174 0.000923779309294408 0.000735989392200887 0.000731373489297701 0.00086385077284697 0.000778944731178992 0.00055996781617817 0.000440526783704051 0.000376334667408884 0.000302250206633586 0.000215694591519398 0.00013705703623538 0.000125546142526661 9.10839885964748e-05 9.78554189733206e-05 0.000111076965988016 0.000105273008403364 8.52318034035929e-05 8.75832960482182e-05 8.39648247218218e-05 8.23929757324406e-05 7.37724304597301e-05 6.39927089559635e-05 5.49358427821005e-05 5.18908463698491e-05 2.41613611709318e-05 4.35127271574096e-06 5.98050305011226e-07 4.80865819813789e-08 0 0 0 0 0
0.000397102058148087 0.000443912357331442 0.000567307949372286 0.000703879833601255 0.000771041870533248 0.000767185032781686 0.000719953179747929 0.00070438474454742 0.000655478597041019 0.000718872785956147 0.000755280018260339 0.000820807755436353 0.000956795394936918 0.000965903282686737 0.00091777479698114 0.000899943888673026 0.000940798700363467 0.000864759982098864 0.000668063521745685 0.000676784515746058 0.000819714546645938 0.000700645447155418 0.000551999032795269 0.000419128924834396 0.000345769941993373 0.000254661709207623 0.000196281299100933 0.000153398245655819 0.000156127572143879 0.000116872698131684 0.000119292803173064 0.000113894790472454 9.48297456418577e-05 9.0504638899526e-05 8.87945741894167e-05 9.8739534669751e-05 9.70891491102552e-05 6.85654431951482e-05 6.23835027554491e-05 3.85859273582293e-05 3.14088240435331e-05 1.34477466417399e-05 7.93741178195824e-06 3.01539898081415e-06 4.23819845538178e-07 2.2412770716344e-08 0 0 0 0
0.000438569396970893 0.000486723900103949 0.00064395505224644 0.000683797896277339 0.000706367671870877 0.000718645632654785 0.000724549413118329 0.000610221028657222 0.000636350214824734 0.000705293178938932 0.000724005878362329 0.000807404697377058 0.000916970074671593 0.000944041133436353 0.000957031906167515 0.000904376984130587 0.000825823665110843 0.000709544241811251 0.000655437529440746 0.000689817011728585 0.000765201569016425 0.000628819465976523 0.000478061288853165 0.000347966820189368 0.000286138534700301 0.000209513053411051 0.000198170319306496 0.000193374216660895 0.000188859477741108 0.00013549883670966 0.000126853331991936 0.000140339851455123 0.000102641329224659 9.43488404663892e-05 0.000100408718044103 0.000125975951620369 0.000121783286398799 9.64988619609842e-05 7.8572772485693e-05 4.79796827098349e-05 2.66485456521066e-05 2.00791098285782e-05 1.48979863232299e-05 7.8489072663222e-06 1.21597026074727e-06 7.69076723787564e-08 0 0 0 0
0.000425179541340423 0.000433952242370166 0.000576889574839035 0.000669347107771616 0.000675023913747732 0.000687612772358957 0.000633190870626709 0.000581174254731026 0.00060291379722704 0.000685794413459812 0.000714827955154862 0.00084982204483113 0.000931558847930045 0.00100062966400736 0.000951655567205873 0.000852896512014948 0.000725653946791258 0.000681140661607173 0.000659749746678638 0.000631894052369631 0.000618893683290656 0.000534759760191515 0.000408614963513568 0.000290084660209785 0.000255554527182196 0.000256727248568784 0.000239607840905738 0.000234059840567051 0.000194951593981082 0.00014696970589939 0.000139934212044885 0.000146319657643118 0.000142002388911579 0.000128166303107757 0.000137886792495746 0.000170776397081975 0.000143959954458671 0.000147632077415975 9.7314767592013e-05 5.36327362349953e-05 2.28200033430214e-05 1.2836427434755e-05 8.70714523368042e-06 7.30202300868071e-06 1.78789277657485e-06 1.51542699395496e-07 0 0 0 0
0.000414874613508934 0.000416929453836352 0.000567475796052064 0.000726675749217193 0.00073202884236736 0.000648073673597997 0.000563623190230283 0.000592463851294735 0.000584692001658278 0.000664573669792203 0.000742482960624802 0.00076972174686005 0.000810031950910885 0.000883866489410505 0.000890431702617478 0.000787346840329644 0.000671478212242065 0.000599812865580927 0.000561617017095351 0.000525675416276396 0.000514444291869243 0.000502234161171126 0.000411133200152042 0.000341311365550156 0.000308994412588916 0.000319652825766436 0.00031261321919144 0.000260312497756281 0.00020596978079466 0.000175256356691516 0.000178045243120901 0.000173664242122901 0.000177243337130821 0.000139412611798174 0.000114557720782584 0.0001309539378396 0.000115047805073353 0.000108009822724928 6.80924132833748e-05 3.24246287520852e-05 8.98899324723354e-06 2.53330101395752e-06 2.44810152930993e-06 5.28472662257214e-06 2.10760464074197e-06 2.1263690735046e-07 0 0 0 0
0.000398772508121141 0.000441906720638313 0.000613050461146237 0.00074393302242368 0.000744512975617657 0.000595384478890305 0.000536494255355415 0.000588263869603015 0.000576590419126746 0.000595972359502042 0.000682149470220541 0.000751845002580079 0.000819408357585562 0.00086856168555398 0.000838307381128627 0.000755307853629464 0.000672726273899691 0.000585809707957709 0.000538256645493084 0.000507091582095072 0.00055528330832881 0.000531658232498954 0.000498707264930896 0.000460097104559262 0.000448173970225893 0.000413816094621797 0.000388262182683646 0.000333154589117532 0.000262667954109786 0.00021781854343247 0.000201988026608743 0.000200344547737464 0.000212227523441394 0.000165425717919923 9.97438654841777e-05 8.10595825751926e-05 8.69495496623018e-05 7.28887096440715e-05 4.89137396480335e-05 2.07973569743801e-05 3.95140052054957e-06 8.82793858658048e-07 2.49144248798819e-06 5.70968585396948e-06 1.88136473399593e-06 1.69456165258943e-07 0 0 0 0
0.000405374050359124 0.000423228323688003 0.000566274941273126 0.000690261721983494 0.000657315433380053 0.000639359653341067 0.000585791051703885 0.000640683293688308 0.000633539259775609 0.000635890961036491 0.000647020578733537 0.000754790008475376 0.00078983199639025 0.000770806789814127 0.000767049551424038 0.000694067240135877 0.000677049816020096 0.000615491867397554 0.000514112353602309 0.000520115673822681 0.000564845741099931 0.000580088615730501 0.000502118468555554 0.000502186119827411 0.000475053072232051 0.000440490126847494 0.000423089385260956 0.00032505139726059 0.000231566235548043 0.000245879560841678 0.000212657228226972 0.000192781493171768 0.000192648798331265 0.0001441115737739 9.62224901241728e-05 8.43568966247853e-05 6.62126466989178e-05 7.08954707170621e-05 5.42482249731491e-05 1.95301622257715e-05 5.71450032602156e-06 2.14223074842357e-06 4.39458666606454e-06 3.46730556526124e-06 7.51923828325853e-07 6.29896312942693e-08 0 0 0 0
0.000366580009658259 0.000406016320209248 0.000496338576346243 0.000558960914913436 0.000543066799933699 0.000586031377631749 0.000686406433952696 0.000754635811259258 0.000739192963045359 0.000737536073128999 0.000726052999888244 0.000830230057687531 0.000796180665922637 0.000844532967069486 0.000787621856160786 0.000716858804612745 0.000643701076854915 0.000599655032481477 0.000541743159586457 0.000556579113306926 0.000670430601004928 0.000646414757123713 0.000559127569500318 0.00049178507950617 0.000470442801967798 0.000449578523878461 0.000412317425235078 0.000285377681409333 0.00019254930327792 0.000183753937581989 0.000176545038914578 0.000152261734090951 0.000141453474836385 0.000121467009252289 7.59532228522071e-05 5.79838045254311e-05 4.5793633932744e-05 7.15462416796516e-05 4.06209975700228e-05 2.36479602881722e-05 1.15689914735994e-05 3.60597716838988e-06 1.42125482747655e-06 7.74586573661114e-07 1.51827247546025e-07 1.05884855713905e-08 0 0 0 0
0.000370529830655721 0.000412660122140399 0.000424889087906276 0.000467450320972913 0.000510069370545013 0.000563543916052689 0.000702619851014668 0.000738600731294551 0.000764097571785299 0.000771747291504545 0.000739576459330051 0.000754380584170192 0.000730690062440337 0.000789748847910744 0.000826448500602361 0.000747135043547386 0.000666436612965663 0.000664100706935655 0.00063171476159805 0.000660790026544464 0.000760059833936746 0.000726008713637152 0.000562812984293414 0.000445168346406827 0.000384253472297114 0.000391305953475388 0.00032954323309561 0.000291193723835719 0.000216172292945208 0.000195415899262972 0.00016496013113817 0.000133275553656015 0.000103406950887213 9.24966559313168e-05 5.78376725628145e-05 2.78854295761854e-05 3.52083407532421e-05 3.81270460990172e-05 1.65733415722871e-05 9.4808721966047e-06 4.17207787038507e-06 1.05141033475212e-06 1.89575468641557e-07 6.38471465553092e-08 1.21188741169955e-08 0 0 0 0 0
0.000390923172446434 0.000475255012768659 0.000433507055278098 0.0004576447310533 0.000540114343457801 0.000602918267575401 0.000675638080007829 0.000686595440281381 0.000709696591283379 0.000772923469960533 0.000789651632735062 0.000836445272420194 0.000797964275313858 0.000766218483861486 0.000831416488142426 0.000845064163664011 0.000729592442906206 0.000738408148687178 0.000668116629484209 0.000697987616438804 0.000753655076433595 0.000669777691725706 0.000502351045879593 0.000362566620307109 0.000316581309012535 0.000281037986430184 0.000257681667943765 0.00024038635207273 0.000234591290481316 0.000219731062769249 0.000177637145019065 0.000137227416112562 0.000109760701715569 8.61224160063074e-05 5.52527532279617e-05 2.57323831458663e-05 2.69009452458344e-05 1.80684272297368e-05 4.18117782326655e-06 1.22002454074741e-06 4.60171432016998e-07 1.04217389945764e-07 1.02954809391198e-08 0 0 0 0 0 0 0
0.000412679940684798 0.000482797652743508 0.000456698239096078 0.000425792634716913 0.000484593779110139 0.000555183053316244 0.000668676019075728 0.000728542447483276 0.000761072338038092 0.000747034132883727 0.000809893131693129 0.000875630677218866 0.000898591757305566 0.00087425255822627 0.00091130310346187 0.000892568409924539 0.000803422332243531 0.000720126212031805 0.000647664726129972 0.000583759606199553 0.000580881357506442 0.000475599438208679 0.000471292615191142 0.000335893839778953 0.000293006450095929 0.000274612337499028 0.00023125438404641 0.00020815891038683 0.000204963103047344 0.000167911708445556 0.000131073653768696 0.000107827007828723 9.9953174645e-05 7.60629922562008e-05 4.80759628376506e-05 2.22252309442286e-05 1.13249644698218e-05 7.65634281973921e-06 2.78218533062562e-06 8.4264087536207e-07 1.0882477369211e-07 0 0 0 0 0 0 0 0 0
0.000404248714665157 0.000478016108532401 0.000480038076898208 0.000456780284889656 0.000438007503984293 0.000466185421003129 0.00062814694676916 0.000764356673176278 0.000689718068018204 0.000759947359971994 0.00080530411048475 0.000807978988129779 0.000838762760614957 0.000818470180476291 0.000841658115841128 0.000854804516299883 0.000766338348802194 0.000636302352294953 0.000540047109418459 0.000468959898009631 0.000409971237403841 0.000398550778842457 0.000451858997588798 0.000380500853266997 0.000312932342459739 0.000311413407493786 0.000258670330187188 0.000214171588536437 0.000186866879564031 0.00013535688824805 8.99420306571875e-05 8.8969193446961e-05 0.00010123948013285 6.61425665377853e-05 3.69533710381116e-05 1.58176310445785e-05 4.59107337767265e-06 7.86847901023831e-06 6.58726413158389e-06 2.84665869702525e-06 3.09828814519117e-07 0 0 0 0 0 0 0 0 0
0.000435469031568906 0.00049598816063942 0.000546890497502748 0.000472604543225679 0.000435947299238842 0.000454306841141754 0.000590667069277011 0.000696101010221355 0.000621549725867925 0.000692828238384262 0.000720736444385345 0.000747366011546016 0.000774172008455317 0.000744590104028038 0.000761892974787802 0.000770334005771513 0.000632019818170175 0.000512973428049327 0.000453675419336985 0.000399208277679329 0.000409194141847163 0.000388114512176135 0.000406660944442842 0.000338451296273711 0.000275965422540805 0.000242578759920364 0.000245825916661351 0.000195426836715294 0.000187706992131432 0.000166112199515333 0.000100567430312064 8.89325142386625e-05 9.11071673527243e-05 4.97033410042507e-05 2.291334421679e-05 8.27035215198234e-06 5.28784282790849e-06 9.38338973134452e-06 7.58594088665703e-06 3.10121779497419e-06 3.18011996740714e-07 0 0 0 0 0 0 0 0 0
0.000500706076892194 0.000470568448559053 0.00043859675550286 0.000358083039715396 0.000345195442624396 0.000384062290398894 0.000482468337080946 0.000541225135618435 0.000566556036778039 0.000618809521532187 0.000647306561819324 0.000670240462187992 0.000660143375752947 0.000672543347244776 0.000733833372988909 0.000645414114346684 0.00060384303363959 0.000541972399050387 0.000468957841649385 0.000364595174986167 0.000352311104726166 0.000387831300706332 0.000349249988982785 0.000267733037616242 0.000206703975908239 0.00017833386371222 0.000196289256321015 0.000190036743981864 0.00016268594571786 0.000124521397121388 8.5569664882104e-05 8.47421586970795e-05 9.80885252885823e-05 4.12778258546408e-05 1.94197520718461e-05 1.14051997723134e-05 1.0720663709763e-05 6.22347230427515e-06 3.05293034926883e-06 8.88159499051608e-07 1.00371216885424e-07 0 0 0 0 0 0 0 0 0
0.000495730370550627 0.000485611856245774 0.000360571384624499 0.000246696010365091 0.00022621901345539 0.000305196255610167 0.000421088487137089 0.000423170328368605 0.000465317964804922 0.000577519417120716 0.000618611574506781 0.000624920249322503 0.000620714545584882 0.00063845586811185 0.000623004913666257 0.000550721526443109 0.000498772740633217 0.000521936416907618 0.000453952044493537 0.000308135122227048 0.000274387449174169 0.000324940592225893 0.000256690323491326 0.00020927648257581 0.000210960820431105 0.000175845593308923 0.00015932357319846 0.00018261083970387 0.000133064508509913 8.34319815489841e-05 7.60588273816448e-05 6.82744011651335e-05 5.50093502103094e-05 2.6571931331787e-05 2.01509688158291e-05 1.62324495701167e-05 4.78314282630696e-06 1.29659858136554e-06 4.13951522428397e-07 9.50817121123805e-08 1.02377453059254e-08 0 0 0 0 0 0 0 0 0
0.000457108736284868 0.000476929843683106 0.000374688416921622 0.000249709040061274 0.000206180930248891 0.000276536226421804 0.000341686368172963 0.000316056490115005 0.000349451303670622 0.000455731362350332 0.000574471831631706 0.000601913094845366 0.000615104139183081 0.000660558343290098 0.000592645883879977 0.000460267544041089 0.000380477398839266 0.00038915526887912 0.000351836562346531 0.000275680124908433 0.000260568529508052 0.000235225618012519 0.000198887407887015 0.000205876231304635 0.000221149593711024 0.000176676943993537 0.000153294622980821 0.00015139509745661 0.000124827504225378 0.000100618444437439 9.57504734913612e-05 6.57237619516257e-05 3.28976214109556e-05 2.15054843690808e-05 1.81500483402201e-05 1.26655930721559e-05 2.96072778451764e-06 2.7265807162782e-07 2.06754193752812e-08 0 0 0 0 0 0 0 0 0 0 0
0.000388952940912321 0.000403293878057663 0.000391311496707355 0.000296256601970318 0.000275109052806532 0.00032932403701433 0.00034155875462843 0.000285118699227644 0.000351447820853096 0.000481562882921675 0.00056608331234007 0.000596187532269797 0.000632488966329455 0.000643097281803014 0.000549575627146684 0.00048261058356578 0.000384588271586998 0.00032760503905808 0.000305070310995688 0.000247646033897517 0.000219287008165433 0.000203834980836233 0.000191611543401163 0.000199740052330987 0.000247274682059205 0.000237509906420124 0.000193815127119698 0.000137306898906413 0.000132957220149259 0.000108659401594621 8.98756534346137e-05 5.68528287419495e-05 3.360734509255e-05 3.05495392696004e-05 2.10121590757505e-05 8.84719938517182e-06 2.06535263098466e-06 1.67831312955582e-07 0 0 0 0 0 0 0 0 0 0 0 0
0.000370532453260093 0.000390492201062153 0.000379295766558278 0.000304406047031631 0.000259361982485535 0.000296127796332889 0.000304904669687768 0.000294224649826506 0.000371486157379336 0.000467908740296128 0.000543250561053641 0.000583438873605844 0.000560870409314491 0.000545755565460968 0.000484568029903582 0.000429293036692527 0.000374711483919162 0.000298487007779016 0.000294029563824051 0.000259627908608344 0.000240230202804496 0.000215361714479309 0.000213072925921021 0.000193777725205081 0.000222234219432587 0.000215025976416269 0.0001887222529476 0.000157542064870968 0.000156753420914358 0.000137076348140297 9.91754234372286e-05 6.22671135105915e-05 4.82254289350862e-05 4.8217739935906e-05 2.23646815986914e-05 1.013310999225e-05 2.27020657743826e-06 1.75670618868231e-07 0 0 0 0 0 0 0 0 0 0 0 0
0.00030135771648456 0.000389292985410948 0.000321129381829931 0.000257553249736527 0.000235741689928424 0.000227971658233634 0.000267844498302032 0.000301543206139201 0.000313997656276385 0.000356192588998357 0.00047761228706383 0.000553589463532669 0.000523923754974791 0.000487461537385765 0.000460516751061029 0.000390244603367623 0.000328592628417897 0.000258609920879676 0.000283073246631783 0.00025898948325781 0.000243659600746982 0.000224667057516214 0.000209160864466045 0.000202886387815282 0.000201726779450551 0.000200419992316629 0.00020384784053835 0.000175867796039114 0.000137702882364192 0.000134719386769511 8.59920979010163e-05 5.11331260480234e-05 6.11766986879015e-05 5.90415783545083e-05 2.03491114189758e-05 8.46439414183075e-06 1.84035813535219e-06 2.20326299432346e-07 1.19008227621278e-08 0 0 0 0 0 0 0 0 0 0 0
0.000253605246680732 0.000308736175465287 0.000304407745764008 0.000242710903417903 0.000265050232553454 0.000254221856731266 0.000242837667596247 0.000226920515421292 0.000265379399204404 0.00029837286488421 0.000395249426578179 0.000478468060751655 0.000540208101564084 0.000491015792157962 0.000417059809194547 0.000358271151974408 0.000270733148005663 0.000244095549119105 0.000232088074213333 0.00025926050557775 0.000261499345443689 0.000225438103201444 0.000243318975103068 0.000222718566776293 0.000192757234081331 0.000211502224321053 0.000196113422618833 0.000134211823416652 0.000116654358867174 0.000120432511037009 8.60825032460282e-05 5.81482798174872e-05 5.19048013073147e-05 3.56506221188754e-05 2.43391562384573e-05 9.39221773803406e-06 4.19076998012898e-06 1.13244622541232e-06 1.45454832896848e-07 0 0 0 0 0 0 0 0 0 0 0
0.000253629386561879 0.000252370774882123 0.000267424941207232 0.000230190605049368 0.000257976710935563 0.00029562011377074 0.000244398713243757 0.00019930690537717 0.000226192876818642 0.000249068617955139 0.000300716638727333 0.000363653183179629 0.000430830985540173 0.000429474145405774 0.000405761480550373 0.000370282590589059 0.000320489496165599 0.000254550188917188 0.000254443526405305 0.000244177699220811 0.000234630346424826 0.000233818948395061 0.000259860754153285 0.000223819017531053 0.000187807828289285 0.000181976050236669 0.000163757741539628 0.000120213419263858 0.000129975915025275 0.000130180224846514 8.74455646152291e-05 5.83438389318105e-05 4.74788137036462e-05 3.99045348382748e-05 2.5170508785717e-05 1.72848906461288e-05 2.57635563751007e-05 5.70118660414896e-06 9.76005686042362e-07 7.02583566105065e-08 0 0 0 0 0 0 0 0 0 0
