simulations/projFolders/pop250/sim1/UDs_popWinter/averageUD_winter.asc
NCOLS 300
NROWS 314
XLLCORNER -963172.442743181
YLLCORNER 1747791.22278076
CELLSIZE 500
NODATA_VALUE -9999
[rows 162 to 188 of 314, columns 124 to 185 of 300]
0 0 0 0 0 0 3.72887443334955e-07 8.40342137549469e-07 9.06076398232698e-07 4.50694514216949e-06 3.56591827992139e-05 9.48415696154702e-05 0.000101331129620329 4.18765172156463e-05 1.04297175952184e-05 1.21369503844469e-06 0 0 0 0 0 0 0 0 0 0 0 0 0 0 0 0 0 0 0 0 0 0 0 0 0 0 0 0 0 0 0 0 0 4.11695014715834e-07 4.89832693470122e-06 2.12168507173664e-05 3.44987325200717e-05 4.56231944038699e-05 2.48131453868955e-05 3.21702868519527e-06 1.64735596546013e-07 0 0 0 8.59732925469233e-06 6.80962353610019e-05
0 0 0 0 0 0 1.04243226763769e-07 3.15112585512612e-07 4.19800315078728e-07 3.40651208367373e-06 2.91499234592665e-05 0.000128847256239492 0.000146052077340806 0.000106302887149051 3.54809239332298e-05 4.33392030905219e-06 1.36456539554495e-07 0 0 0 0 0 0 0 0 0 0 0 0 0 0 0 0 0 0 0 0 0 0 0 0 0 0 0 0 0 0 0 0 2.24864939699234e-07 1.74709432672504e-06 6.3599273531166e-06 2.07691378789367e-05 5.10869249450357e-05 3.03333606421841e-05 4.25381306349731e-06 2.26123825885021e-07 0 0 0 2.97796353551381e-06 2.02447995443957e-05
0 0 0 0 0 2.16713014999971e-07 1.71784881883602e-06 5.63745526319767e-06 5.01726893461462e-06 5.73683203847317e-06 4.07935827769964e-05 0.00013219951086698 0.000211138412252581 0.000153610199614351 4.85092922806688e-05 5.89921977080973e-06 3.52189119266437e-07 0 0 0 0 0 0 0 0 0 0 0 0 0 0 0 0 0 0 0 0 0 0 0 0 0 0 0 0 0 0 0 8.02154535964674e-08 1.76414637739658e-06 1.23052885695404e-05 3.22158597251353e-05 3.81858534923229e-05 3.68737280187534e-05 1.41928056185211e-05 1.97653169646551e-06 9.88041865153669e-08 0 0 0 4.18779178083825e-07 3.44011885876221e-06
0 0 0 0 8.69193463158977e-08 1.7684143959233e-06 1.19687896163038e-05 4.497541857535e-05 3.91382016049148e-05 1.42457904224101e-05 4.84899841010613e-05 0.000134552016788141 0.000199026614329725 0.000106772482342683 3.2082006319487e-05 8.82695987386694e-06 2.80036963384769e-06 5.94967335635747e-07 4.12708213640984e-08 0 0 0 1.08845466403333e-07 9.19191864798595e-07 2.04988708618839e-06 1.72381778162912e-06 7.98305263350359e-07 1.78474685438715e-07 0 0 0 0 0 0 0 0 0 0 0 0 0 0 0 0 0 0 0 0 1.95695261840431e-07 4.82668028907128e-06 4.59237359238408e-05 0.000103269301304118 6.54632150805046e-05 3.76394837909676e-05 8.05318541428924e-06 6.53785187429655e-07 2.15954605558429e-08 0 0 0 0 3.466208871147e-07
9.28470835331741e-08 0 0 0 2.91425268953826e-07 4.93221217523937e-06 3.39048430156925e-05 9.88411604872222e-05 0.000110180929249004 3.49873080677651e-05 3.35135049953218e-05 7.15040787702953e-05 7.84030034752702e-05 3.95089536711063e-05 3.50694656199669e-05 2.56378184877961e-05 1.93659979754851e-05 3.78216709755695e-06 2.749865233012e-07 0 0 0 6.47127104139341e-07 7.04333744596893e-06 1.61142498175559e-05 1.42303723771949e-05 7.8755672982362e-06 1.95448216886104e-06 1.91552666271002e-07 0 0 0 0 0 0 0 0 0 0 0 0 0 0 0 0 0 0 0 1.20716322212275e-07 2.82096420276068e-06 2.03382577647124e-05 4.21850941867871e-05 3.58697026791668e-05 9.8562166046327e-06 1.9616733761174e-06 1.55633286263653e-07 0 0 0 0 0 0
1.68380836757012e-07 0 0 1.79026072058362e-07 1.28097436327845e-06 8.99676698749052e-06 6.12695216831368e-05 9.55743938214621e-05 9.40031259789881e-05 5.19304312510309e-05 4.43836152335369e-05 4.39372844778073e-05 2.08705924348752e-05 7.78046249960837e-06 9.63321979615382e-06 3.02382837832335e-05 3.09633239951506e-05 9.54940635241507e-06 1.60382396928353e-06 1.19900199874966e-07 0 0 9.70357213623633e-07 1.00391590918422e-05 2.98514235617993e-05 3.30035909848093e-05 2.98593249025184e-05 8.69391671885822e-06 9.46219660807902e-07 0 0 0 0 0 0 0 0 0 0 0 0 0 0 0 0 0 0 0 3.59171280984684e-08 8.71562980618277e-07 8.26178490709422e-06 3.07774878887032e-05 2.40034311891811e-05 3.96488746433252e-06 3.27044457502076e-07 0 0 0 0 0 0 0
1.61236021006379e-07 0 2.14759434933438e-07 2.63020116706532e-06 1.19810346455088e-05 3.00285126866302e-05 5.43550327153026e-05 5.40974251660003e-05 3.48911322481769e-05 1.85346826819856e-05 3.97693924410341e-05 4.20229248495942e-05 1.13849388379515e-05 1.37614889468402e-06 2.1496794641626e-06 1.29616791318713e-05 9.60068702225786e-05 3.81850302031674e-05 9.21614653909138e-06 7.81649839680089e-07 0 0 8.98478726880381e-07 6.85418583115751e-06 2.27747429050304e-05 3.88805568027095e-05 5.02864680937084e-05 1.99353769323575e-05 2.45335721290204e-06 0 0 0 0 0 0 0 0 0 0 0 0 2.13175662688422e-08 2.68118546823714e-08 0 0 0 0 0 1.73203050423018e-07 1.22554460480166e-06 8.63289553247684e-06 2.77067739380291e-05 1.19119686947318e-05 1.79728085552464e-06 9.22105754854406e-08 0 0 0 0 0 0 0
0 0 1.9105146629657e-06 1.65279824205448e-05 7.22293182852434e-05 0.000123104713796656 0.000131832882697146 7.35475420590285e-05 2.77347024393829e-05 6.67514139458214e-06 1.45127195793572e-05 2.48826034244762e-05 5.30673749484014e-06 6.49430323072894e-07 1.56150350736059e-06 9.88853629192369e-06 4.69635836549199e-05 8.80804657503094e-05 2.01583448698366e-05 1.6509584375923e-06 0 3.68122738837904e-07 3.90885304467446e-06 2.06527411836185e-05 5.30991218723093e-05 6.42487257403194e-05 7.63157754761323e-05 3.58275137665574e-05 3.58010525639192e-06 0 0 0 0 0 0 0 0 0 0 2.31925186994559e-08 2.18033106541178e-07 7.78668152251263e-07 9.34047856840271e-07 3.72997514021689e-07 4.94781706704599e-08 0 0 1.38744537184726e-07 2.043538493031e-06 8.65526403806296e-06 1.28810796823359e-05 2.34507825110308e-05 1.16430986615403e-05 1.34996545900351e-06 5.4876501936031e-08 0 0 0 0 0 0 0
0 0 8.56709572996745e-06 6.90087750214839e-05 0.000140071183374211 0.000206580877202522 0.000201972797413719 9.17650460745784e-05 4.20510880442367e-05 1.90051942970307e-05 7.58749758451706e-06 4.45867329616704e-06 3.3774210589167e-06 2.98756500559208e-06 6.53729354641334e-06 2.43911370515126e-05 3.17988172017178e-05 3.8700181971837e-05 1.19715919659294e-05 1.50848634001216e-06 1.87981827092146e-06 3.81756876407647e-06 1.33813191139481e-05 6.23115002802656e-05 8.81871953173079e-05 8.09946059782496e-05 6.86500742694019e-05 1.98252256862216e-05 2.05949763666177e-06 0 0 0 0 0 0 0 0 0 2.62660414462541e-08 4.373070839971e-07 3.20936622871639e-06 1.06432056002151e-05 1.17344977276455e-05 4.5568295732091e-06 6.76595314538907e-07 6.35140531500561e-08 0 4.58281923558652e-07 7.16767971982858e-06 4.00564335089701e-05 3.66026796220609e-05 3.20192612550209e-05 1.2969813303234e-05 1.5415116205684e-06 6.23885716470594e-08 0 0 0 0 0 0 0
0 0 1.24695673523638e-05 9.35533195274118e-05 0.00020279264440104 0.00019560782601754 0.000125499799785907 9.52813252338262e-05 0.0001575004904688 9.3833193136817e-05 3.51744629269775e-05 1.66863091207967e-05 2.7705630273908e-05 2.44950093208536e-05 2.14365105970621e-05 2.14456077559664e-05 1.25882523072467e-05 7.93740059790224e-06 2.50460649717408e-06 4.79325605320733e-06 2.05183774131996e-05 3.33276800647452e-05 4.3923340716227e-05 6.77695274019874e-05 7.94321149197144e-05 5.79373389197679e-05 3.06894760428002e-05 6.46733166332005e-06 5.53078134272302e-07 0 0 0 0 0 0 0 0 0 2.43018774079832e-07 3.45934019253961e-06 1.91939230913934e-05 5.64423314949562e-05 4.98639978223288e-05 1.84412300496044e-05 4.51275473238709e-06 7.54358886835922e-07 1.1293179699256e-07 9.84602141641339e-07 9.45966690313697e-06 4.8712331777706e-05 4.39236089371284e-05 1.72145850871813e-05 6.62484345631961e-06 7.33739230421089e-07 2.9167160377469e-08 0 0 0 0 0 0 0
0 0 6.9421455229964e-06 5.30389919616314e-05 0.0001298959999638 0.000104612655886244 6.7197047140943e-05 0.000116500116827437 0.000164677470841515 0.00015010857574713 7.08947032341531e-05 4.46325316805772e-05 8.11970382529685e-05 8.94674360312285e-05 4.6495698369534e-05 1.16384979280239e-05 2.24837870226539e-06 7.07915925538472e-07 1.01317895992211e-06 1.26634994459484e-05 7.74516686416391e-05 0.000136569976739503 0.000133602246576434 0.000132923096353036 0.000119829654634695 0.000110662512426811 4.84931170702008e-05 6.12261565101163e-06 3.24517313697099e-07 0 0 0 0 0 0 0 0 4.31518637712321e-08 1.11117749420317e-06 1.22134722709219e-05 5.87670653769559e-05 9.1987907841284e-05 5.7040888788077e-05 3.22503596385724e-05 1.97864845297818e-05 3.88535717311233e-06 8.49509494892868e-07 5.13870781034933e-06 1.91263947541864e-05 3.71895246024891e-05 2.45415288834328e-05 4.60843788233347e-06 8.11698147628033e-07 9.56999937882505e-08 0 0 0 0 0 0 0 0
0 0 1.78446876728727e-06 1.59956421624466e-05 6.46125897447525e-05 7.30172171829807e-05 6.43920376580308e-05 0.000140206336906172 0.000104223184236312 9.19437184477854e-05 4.67812642225125e-05 3.5115305317067e-05 0.000130366668041037 0.000119230605603255 6.34364038393974e-05 9.53574478157476e-06 6.43025210276786e-07 0 1.81012367740695e-06 1.63018666127651e-05 8.13938825922425e-05 0.000193893626236965 0.000202151313324733 0.000144405499029696 8.54014828381323e-05 6.31104558396034e-05 3.39476317000396e-05 5.13091869400036e-06 2.82904307684553e-07 0 0 0 0 0 0 0 0 1.88784149848251e-07 3.53969307442342e-06 2.61580422392045e-05 6.61530643376346e-05 6.90321698445467e-05 3.5795208049105e-05 1.7151197410139e-05 2.08822544561488e-05 9.82452183478897e-06 3.67003027169292e-06 1.42839709226603e-05 3.89105751919198e-05 2.81405262510721e-05 6.36572902709232e-06 8.60230647535927e-07 6.02204526944204e-08 0 0 0 0 0 0 0 0 0
0 0 2.9915300532439e-07 3.79830063133973e-06 1.63071267226639e-05 1.90842244680285e-05 2.99728400857922e-05 6.53857141411735e-05 3.44626046547749e-05 4.17188964579056e-05 5.10707683610193e-05 2.7443995685795e-05 4.75548393790593e-05 7.3932133578672e-05 4.87316660343455e-05 6.47227978015655e-06 3.34812182535668e-07 0 5.37294940758859e-06 2.08317860858552e-05 6.7482858863081e-05 0.000151476308628957 0.000198559403321883 0.000114205397609357 3.98496016664108e-05 1.44520327377799e-05 8.07136017432393e-06 1.46802863965286e-06 8.98680300010025e-08 0 0 0 0 0 0 0 0 4.32599306592394e-07 6.64609763444575e-06 4.20367307754335e-05 4.18858378919685e-05 7.0217549766354e-05 9.70198958635219e-06 4.34550177092313e-06 1.46796200352268e-05 2.30740047877844e-05 1.31751047382555e-05 2.14881747855409e-05 2.9627649098971e-05 1.12974597085609e-05 1.52548449038972e-06 1.07684259948469e-07 0 0 0 0 0 0 0 0 0 0
0 0 0 3.83710546696054e-07 1.4338968314632e-06 1.97304272927207e-06 4.48864884453888e-06 7.97039642538208e-06 5.28389680870892e-06 9.64973307671621e-06 1.88993047829941e-05 1.1960032390139e-05 7.72020965435066e-06 1.09295658713494e-05 8.19889921291938e-06 1.52027024812766e-06 8.11421195577543e-08 0 9.007071140451e-06 2.88019515432389e-05 4.11232039130229e-05 9.04145240339215e-05 0.000111175998990718 6.97876140132198e-05 1.90120022650478e-05 2.42214230701465e-06 5.83164975691751e-07 1.23177946018968e-07 0 0 0 0 0 0 0 0 0 4.24137804448715e-07 6.38670334278492e-06 5.12828789399288e-05 3.57828177335784e-05 2.00805384567012e-05 5.93785522213737e-06 1.20311300211115e-06 4.31180419188367e-06 1.80403720498806e-05 4.08912636138644e-05 3.25944907803042e-05 3.27619723814601e-05 5.5755437324354e-06 4.21605858511716e-07 0 0 0 0 0 0 0 0 0 0 0
0 0 0 0 0 0 2.11738093535634e-07 4.03591315063615e-07 3.47782770233623e-07 1.03788566724598e-06 2.22378340440446e-06 1.55070715041967e-06 5.69670053384546e-07 6.191405697476e-07 4.78178407994652e-07 1.04927930754715e-07 0 0 3.83672956188655e-06 1.36186266251015e-05 1.73878446135873e-05 3.21526713511238e-05 3.80893982759626e-05 1.891564204359e-05 3.91089962603118e-06 3.8155392375644e-07 0 0 0 0 0 0 0 0 0 0 0 1.37000271866735e-07 2.05467711101793e-06 1.19443647504739e-05 5.50841577080301e-05 6.92808776753304e-05 2.21616532544624e-05 2.15405574893857e-06 1.10081396942859e-06 8.97433049535649e-06 3.63061539650297e-05 4.64837848911654e-05 2.76446230573652e-05 5.87421981329033e-06 4.56264416928553e-07 0 0 0 0 0 0 0 0 0 0 0
0 0 0 0 0 0 0 0 0 0 0 0 0 0 0 0 0 0 4.82957402472451e-07 1.50763592608664e-06 2.43086065046198e-06 3.98307293457681e-06 4.59090899450396e-06 2.31827073616563e-06 4.05367085278059e-07 0 0 0 0 0 0 0 0 0 0 0 0 0 2.94152385177772e-07 3.47440177403953e-06 2.5113329278998e-05 5.75678683534384e-05 2.30184495335908e-05 2.31745466476002e-06 4.08278719787011e-07 4.57189185320095e-06 3.45460772344515e-05 6.70435502795606e-05 4.04850840369519e-05 1.06372805259983e-05 7.55496380944933e-07 0 0 0 0 0 0 0 0 0 0 0
0 0 0 0 0 0 0 0 0 0 0 0 0 0 0 0 0 0 0 0 0 0 0 0 0 0 0 0 0 0 0 0 0 0 0 0 0 0 2.6459969363439e-08 5.58376253773702e-07 4.85532078653306e-06 1.0772018688092e-05 6.93390238689253e-06 3.53213655588735e-06 1.88891217019683e-06 2.4806130665267e-06 1.51932174265201e-05 3.57586107972309e-05 1.91846657450063e-05 4.99898334719361e-06 3.94646107257983e-07 0 6.14348827792067e-08 5.30803517643191e-08 0 0 0 0 0 0 0 0
0 0 0 0 0 0 0 0 0 0 0 0 0 0 0 5.32670179120107e-07 3.78480413742568e-06 1.00108757565876e-05 1.39143215423965e-05 1.16421431245792e-05 5.33726066088558e-06 1.64090795361795e-06 3.29655944207675e-07 0 0 0 0 0 0 0 0 0 0 0 0 0 0 0 0 3.21971383369572e-08 2.82816006662991e-06 1.33176986062622e-05 2.05252859640547e-05 2.30315867698219e-05 1.56657267284867e-05 7.25429923848325e-06 3.18590854137979e-06 4.05721599036679e-06 2.32608779219182e-06 5.46384253270543e-07 4.95623243961842e-08 3.11736453869799e-07 1.36176717866323e-06 1.08666904217228e-06 2.1441980778409e-07 0 0 0 0 0 0 0
8.21296299869641e-07 3.86556384720333e-08 0 0 0 0 0 0 0 0 0 0 0 0 2.04902957092824e-07 2.92870844570369e-06 2.23042350152756e-05 6.23825825444156e-05 0.000112211182658346 8.32216888257037e-05 4.87711354850383e-05 1.85093171803559e-05 3.65319498635052e-06 2.63017078266634e-07 0 0 0 0 0 0 0 0 0 0 0 0 0 0 0 0 7.46417231490839e-06 3.94420511826691e-05 4.20655421705877e-05 3.12835238720169e-05 5.94754330521505e-05 3.57200503173705e-05 5.32631017005864e-06 4.52876963895698e-07 9.10977468727288e-08 0 8.19285778158848e-08 1.58816156830796e-06 1.25921154332843e-05 7.28588923453739e-06 1.33905932241415e-06 7.45156575792161e-08 0 0 0 0 0 0
3.66994389152417e-06 1.78791160490946e-07 0 0 0 0 0 0 0 0 0 0 0 0 9.74704278153836e-07 9.23428870283597e-06 3.69845926579812e-05 9.95387881504916e-05 0.000136310443215117 0.000186982586887946 0.000171347141181635 7.24150091053692e-05 1.21640767842337e-05 8.56722122568432e-07 0 0 0 0 0 0 0 0 0 0 0 0 0 0 0 0 6.88590528104946e-06 3.0850250258777e-05 1.58207528215358e-05 1.81903242975457e-05 4.87741231678562e-05 4.26554642408009e-05 6.30979519027227e-06 3.53408919007939e-07 0 0 1.31541455565547e-07 2.59509426414052e-06 1.59134678464384e-05 2.44847237943446e-05 3.69064113875096e-06 2.95545963890847e-07 1.06105820980381e-07 7.34639179066029e-08 0 0 1.40576390480433e-07 6.14776916034045e-07
6.55261613106467e-06 5.66071481165662e-07 3.30379661883329e-08 0 0 0 7.19088784181913e-08 6.17416080482395e-08 0 0 0 0 0 0 2.11247242883307e-06 2.36773341777752e-05 5.8718226821167e-05 0.000112678989712635 0.000142813444067366 0.000178791016252362 0.000175788253459344 0.00011865069711336 1.75266805950073e-05 1.81727728251438e-06 0 0 0 0 0 0 0 0 0 0 0 0 0 0 0 0 1.85016868545058e-06 5.69996004643969e-06 6.06011831835021e-06 2.09077428923583e-05 4.23243865162685e-05 1.35228494115751e-05 2.19816062491359e-06 1.28388739477126e-07 0 0 1.19558790116004e-07 2.74502835101545e-06 2.21800487379471e-05 3.2064311190578e-05 9.34479198890492e-06 2.64443177599845e-06 2.78806849245757e-06 2.22869729513636e-06 1.46451790279425e-06 8.38636944123847e-07 2.51308455939728e-06 1.01985894093445e-05
1.54417548252727e-05 3.41140152718806e-06 4.00041753695196e-07 5.46192095230047e-08 9.03527470210635e-08 8.00519482770419e-07 2.29605217351395e-06 1.89417903218433e-06 4.8864033281996e-07 4.06364633618389e-08 0 0 0 0 1.54118123388522e-06 1.63916796365265e-05 5.86655437657921e-05 0.000156001627368531 0.000195597350501226 0.000151669189259355 0.00017760205260129 6.27487599541229e-05 2.41624340296219e-05 4.03214106138017e-06 6.71898742108921e-08 4.99775487451063e-08 0 0 0 0 0 0 0 0 0 0 0 0 0 0 1.40870761173443e-07 6.88742554873645e-07 7.02104717147904e-06 4.67197745808763e-05 3.98622192246455e-05 9.09708067327562e-06 9.67334722624526e-07 5.5279022462965e-08 0 0 7.41544281117223e-08 2.00446043064999e-06 1.9520744671762e-05 5.23032471280468e-05 2.68365722017682e-05 2.27373521663231e-05 2.97467540803349e-05 2.17867493522352e-05 1.78419276984242e-05 1.00179305250869e-05 1.75400599751077e-05 6.31285160469614e-05
4.97407279664133e-05 1.54334213508791e-05 3.40355466883949e-06 1.39403832076505e-06 1.18766818137196e-06 8.41239187452898e-06 2.61422023048632e-05 1.98866482726325e-05 4.64646424869761e-06 3.52949864290371e-07 0 0 0 0 4.19857736936191e-07 6.29866588551109e-06 4.29393499878556e-05 0.000174586981449131 0.000122370183407708 0.000121404454052371 0.000128447368677891 6.60455822619962e-05 2.88094207502836e-05 6.95286783979268e-06 1.82207254603339e-06 1.36116961881659e-06 5.25169365315502e-07 6.31725706315175e-08 0 0 0 0 0 0 0 0 0 0 0 0 0 2.88026640050081e-07 5.11424895124551e-06 3.36852259768353e-05 5.01316711060126e-05 1.75601988944512e-05 4.08886326275924e-06 4.13273693790523e-07 0 0 0 7.23407195991045e-07 7.06901214669331e-06 2.29691918826436e-05 4.69239577420347e-05 9.14074331072631e-05 0.000126397848067135 5.74050619916048e-05 6.34918510601724e-05 5.51019683209382e-05 7.27646872043528e-05 9.62762012604444e-05
7.70490467169599e-05 3.91993969486175e-05 2.56972163789307e-05 2.18404307854097e-05 1.16268163489763e-05 2.8661271543122e-05 8.81695001883989e-05 7.29409455894475e-05 1.25730456722559e-05 8.60461615534318e-07 0 0 0 0 0 3.51718347346732e-06 3.35544943644556e-05 0.000105433046765949 9.90378632654649e-05 0.000127697035607505 0.000140987783601116 5.81510401976341e-05 3.49020473487461e-05 2.82044634084332e-05 1.71834845011399e-05 1.30237890343418e-05 4.5913401968558e-06 4.70806291328264e-07 0 0 0 0 0 0 0 0 0 0 0 0 0 2.69767886360738e-07 3.08374338631727e-06 1.29152564268398e-05 2.73681264236139e-05 5.03879636278401e-05 1.64098367014323e-05 1.69749453114716e-06 6.55799885540117e-08 0 0 2.14375540857987e-07 3.32970474682973e-06 2.25858352967334e-05 5.65588697513057e-05 0.000105911500699906 0.000148243129180511 7.06088989625956e-05 0.000134836450152869 0.000145573735165558 0.000119056962371949 7.04594105135724e-05
5.62635771653627e-05 6.37925117894329e-05 8.99900346552011e-05 9.7676791202688e-05 5.31853660679666e-05 5.19640259189259e-05 7.60894491894508e-05 4.03669401804845e-05 8.06204974255008e-06 5.64908783139487e-07 0 1.29602092720186e-07 3.09013353974454e-07 2.07016011598265e-07 5.32294579636332e-08 2.21648486222143e-06 2.2672008711875e-05 8.163359757225e-05 0.000110144592767451 0.000156663075012439 7.1576312149147e-05 5.07887005556293e-05 5.38748874995505e-05 8.88096317212301e-05 5.07349148143265e-05 3.0665725454514e-05 1.14848343599008e-05 9.61636774700508e-07 0 0 0 0 0 0 0 0 0 0 0 0 0 8.71649186164048e-07 8.84476117354938e-06 2.92724706088645e-05 3.40215973388792e-05 5.00220842413566e-05 1.90869942213641e-05 2.13840277760406e-06 8.83921165516062e-08 0 0 1.75462715474313e-07 4.07822569631721e-06 3.74505743200255e-05 0.000107937954313145 0.00016042917958956 0.000135280132227198 0.000112857349161458 0.000143148973513803 0.000127193584975657 0.000106678068585405 7.46218785276738e-05
3.33060175016703e-05 6.56518339788035e-05 0.000122754611014579 9.44438203704989e-05 8.26359316300421e-05 7.46819153060943e-05 3.69934290465648e-05 9.47819370310468e-06 1.49503373467442e-06 1.05437902623643e-07 1.9401905582993e-07 2.0552438208043e-06 5.76797732799815e-06 3.88630153420252e-06 1.13165180608878e-06 1.01507734457421e-06 1.06035452283946e-05 4.6716831601542e-05 6.3986897437111e-05 5.50464652208087e-05 1.98432188383544e-05 1.87811031845272e-05 4.69096004732314e-05 0.000109528124278584 5.39826862248641e-05 2.3975448671118e-05 5.0389901710117e-06 5.03671762751543e-07 0 0 0 0 0 0 0 0 0 0 0 0 0 1.4052931212431e-06 1.26740541246813e-05 2.82819475839579e-05 1.4663973815981e-05 1.50443799719762e-05 9.11080371140583e-06 1.85153924303378e-06 1.90643448056065e-07 0 0 9.19360099490468e-08 2.67085432874988e-06 2.87966504551467e-05 0.000134520053797396 0.00021778294433378 0.000167131096042488 8.55747237380868e-05 8.9627414897727e-05 0.000109823837822331 9.56790968305392e-05 9.3168474688028e-05
4.16125431452271e-05 8.5234411018909e-05 0.000117992266954591 7.49348029125907e-05 5.27650303879268e-05 4.39357459329148e-05 1.24636273769858e-05 1.76984781778025e-06 1.41010212177008e-07 7.01890966975602e-08 9.18018165524513e-07 9.41030866935176e-06 4.04718704322697e-05 2.84206066140888e-05 8.38225706999696e-06 1.1599331622829e-06 2.03639641304043e-06 1.20034608930945e-05 2.96889301243506e-05 1.65787432261267e-05 6.36505055859705e-06 5.62370428539024e-06 2.47687604156563e-05 6.08835629819544e-05 3.86615246344288e-05 6.5567595851971e-06 9.0084614886389e-07 8.10171840896226e-08 0 0 0 0 0 0 0 0 0 0 0 0 7.20510433539449e-08 1.85773556495029e-06 1.50208035410114e-05 3.62772531629084e-05 1.51205556392843e-05 2.2528411809456e-05 2.28635985291856e-05 9.20364632750103e-06 1.54455180669642e-06 8.92061797929113e-08 0 0 9.00765647668886e-07 1.20705328822402e-05 7.15377181416739e-05 0.000126752629813825 0.000130973800952421 0.000101606398770928 9.15888994481925e-05 0.000112424269263313 7.56731778011247e-05 0.000105424031563431
