simulations/projFolders/pop250/sim1/UDs_popWinter/averageUD_winter.asc
NCOLS 300
NROWS 314
XLLCORNER -963172.442743181
YLLCORNER 1747791.22278076
CELLSIZE 500
NODATA_VALUE -9999
[rows 162 to 188 of 314, columns 186 to 247 of 300]
0.000110536135678788 6.27673864056061e-05 5.14105818912973e-05 1.92987192327279e-05 4.07170057096589e-05 9.48961302171546e-05 9.2937268271058e-05 7.9484365841415e-05 2.84404307464023e-05 4.0999753380528e-06 3.20328515796843e-06 4.81006735699345e-06 1.82257254984039e-06 1.96421475169546e-07 0 0 0 0 0 0 0 0 0 0 0 2.42730857161223e-08 8.3433493232317e-07 1.03397211009098e-05 4.24762181728882e-05 8.77978354260846e-05 6.3946470586812e-05 7.42488056056274e-05 5.77161386325346e-05 3.89305576490709e-05 4.41578961691738e-05 4.46593202431003e-05 4.0732253322843e-05 7.24905952454879e-05 0.000155154094023725 0.000274993747337577 0.00018162058284891 0.000137461215190069 0.000160794064323534 0.000102476179549385 7.26170166969943e-05 6.8019553985536e-05 2.29355990773937e-05 1.8920628344652e-06 0 1.63596923731869e-07 2.53385235430906e-06 1.55384316964057e-05 3.10985091920799e-05 3.09761445817065e-05 6.54196738875175e-05 7.72541090466282e-05 6.0008682281081e-05 4.1059382239661e-05 2.56744194649605e-05 3.99053748500868e-06 0 0
4.69070039458947e-05 4.30847517934234e-05 2.33991350863583e-05 7.10321357124538e-06 5.40987308802493e-06 1.14170713294051e-05 1.66481193073208e-05 2.68227029459939e-05 1.38739477774842e-05 1.63696729497605e-06 0 0 0 0 0 0 0 0 0 0 0 0 1.65222940186772e-07 4.80405229373293e-07 5.48764364524125e-07 1.90020829811411e-07 6.6615256913786e-07 7.65155767645792e-06 2.8330223620912e-05 3.37140224708282e-05 4.61102202307999e-05 4.68878261514476e-05 2.24879067280607e-05 1.97398047797199e-05 1.3374718830865e-05 1.01778591001664e-05 2.51243449624052e-05 6.12383037504511e-05 0.00013165986531461 0.000166281551040922 0.000106808915681784 5.09565174329119e-05 3.38061228228318e-05 3.63176055074015e-05 5.35129233931687e-05 5.31908385194123e-05 1.4129684299735e-05 1.2187266250669e-06 0 3.45853331794442e-07 4.75855497409422e-06 2.38557346047906e-05 5.11822625743071e-05 8.25241654705626e-05 0.000141083270241999 0.000153659641667167 0.000121838003337093 0.000115020044091425 6.76720067526022e-05 8.8880499781188e-06 0 0
1.33829526537432e-05 2.53507848704407e-05 7.48929287870115e-06 1.2184410582826e-06 3.124673383637e-07 5.77708182106779e-07 1.33360177212959e-06 2.44030915080745e-06 1.42418057587766e-06 2.19403911506932e-07 0 0 0 0 0 0 0 0 6.64220278523296e-08 2.05990392613474e-07 1.91311686554939e-07 3.57427866953734e-07 2.75775557248324e-06 7.45163671306023e-06 8.60394164496885e-06 2.53442348787766e-06 4.29920299000169e-07 2.31883162518591e-06 1.04317571916558e-05 1.68657973325787e-05 1.55971310956097e-05 8.51455051033348e-06 6.94341258735854e-06 1.02988528037106e-05 4.24178503245206e-06 3.67059069505192e-06 1.48527761848271e-05 2.98073235752678e-05 3.31046655611375e-05 4.75152916972703e-05 3.06720267830508e-05 1.21335266098337e-05 4.18591219726062e-06 9.44014638198262e-06 3.16871516250763e-05 4.53458912447693e-05 1.12463142667558e-05 9.66194492755453e-07 0 1.29780929937489e-06 1.33112221890815e-05 4.95209023112994e-05 7.84786343188724e-05 0.000111865900401912 0.000166791021741889 0.000173821195874595 0.0001296061425764 0.000112240388934271 6.69381245641659e-05 7.96590651925206e-06 0 0
1.69223081237334e-06 2.67397030125237e-06 1.06848753004894e-06 1.33831970677112e-07 0 0 0 8.03061993397869e-08 0 0 0 0 0 0 0 0 0 1.00129123844343e-07 1.1010498268705e-06 4.00634296041471e-06 3.60444700168203e-06 2.61686602478725e-06 1.6644379115863e-05 4.25341315358396e-05 4.36837784731216e-05 1.09176635688516e-05 1.86830968504195e-06 5.50041324188617e-07 1.20342196837512e-06 2.16753361640113e-06 1.86332396605652e-06 1.85864488502863e-06 1.20601793691833e-05 3.69207523581678e-05 1.31564848060304e-05 9.33055579203635e-06 2.75835934890807e-05 1.3773947016084e-05 4.71597444034244e-06 4.19660471173453e-06 2.94711254392226e-06 1.1365909589455e-06 3.60572768663682e-07 2.19541229199725e-06 1.54477981774564e-05 3.42569015751756e-05 1.2532369227507e-05 9.82318073028218e-07 0 2.34555336531429e-06 2.28518601394609e-05 6.28672688890393e-05 6.84128030798289e-05 7.81100093934402e-05 0.000146385237502615 0.000154386490507524 0.000113406963590661 5.88722414979006e-05 2.11585964903528e-05 3.05963260902555e-06 0 0
0 0 0 0 0 0 0 0 0 0 0 0 0 0 0 0 0 7.45073658979231e-07 6.88403006304639e-06 2.50752903397791e-05 2.44687367110366e-05 1.34322196179161e-05 3.26649695474261e-05 0.00010444645578495 7.95245468225544e-05 4.12086136436537e-05 1.37340351871685e-05 3.06010851486095e-06 4.64866141327303e-07 4.32548636823594e-07 7.75077438066598e-07 1.48313748577342e-06 1.19376294256176e-05 4.13179211115375e-05 3.87811325299827e-05 4.16579767856848e-05 2.7323180796185e-05 1.87562573608938e-05 1.93680566640353e-06 1.54117762501025e-07 7.38175949300969e-08 0 0 4.74975240416158e-07 4.03875112335025e-06 8.05387924960699e-06 3.30994394445126e-06 4.29323554060777e-07 2.36997238855018e-08 1.76135380665797e-06 1.85691993592291e-05 7.39199518794021e-05 5.5597919943419e-05 2.58145201824362e-05 4.33211177374543e-05 6.92391246216857e-05 8.09728428323367e-05 2.32406966273975e-05 4.6705096005785e-06 5.02022157642066e-07 0 0
0 0 0 0 0 0 0 0 0 0 0 0 0 0 0 0 1.42692457232326e-07 2.95052351285011e-06 2.17438451838889e-05 7.44370221725744e-05 4.14264872466522e-05 4.05936389961957e-05 8.54904651221576e-05 0.000171037867581209 0.000144505828547964 8.35714935845573e-05 4.75388876860092e-05 1.63634363481426e-05 3.20471101282946e-06 4.49982238712234e-06 7.60932964830046e-06 6.43354979958763e-06 9.85943246148126e-06 3.98048721058192e-05 5.23503906767507e-05 4.75483014945887e-05 3.296931458879e-05 7.86867085457456e-06 8.87902918766551e-07 3.54734874970981e-08 0 0 0 0 9.36107534920681e-08 9.26602398521167e-07 2.69330805035153e-06 2.06179683926672e-06 5.03043760298256e-07 7.49125377838104e-07 9.00842714611898e-06 4.19097766074146e-05 5.41539638968323e-05 1.26602882457127e-05 8.9219445318827e-06 2.08433661507422e-05 2.77802962673234e-05 1.58727522861413e-05 2.03982624125041e-06 9.72202105435378e-08 0 0
0 0 0 0 0 0 0 0 0 0 0 0 0 0 0 0 3.47750610500984e-07 4.81337262080914e-06 3.1446084364691e-05 3.84872928072554e-05 3.14640290880499e-05 7.67891108612222e-05 0.000176078155550228 0.000204628243941802 0.000149373248146058 8.30685123392868e-05 6.93247019903799e-05 4.88550066707767e-05 7.71005590998591e-06 8.1251850311748e-06 2.568879349757e-05 3.63153666079333e-05 2.56354957692961e-05 5.12181892739278e-05 6.13979175385005e-05 3.55061180715059e-05 2.99385785909341e-05 4.56047476976435e-06 3.18337959313733e-07 0 0 0 0 0 6.54376111602958e-07 6.96656806051983e-06 2.83446889231338e-05 1.72743163917975e-05 4.18135570156656e-06 7.86321877581012e-07 3.41653101909588e-06 2.00723074277908e-05 2.70289946214601e-05 1.3087225140158e-05 2.06470303135938e-06 2.71353172004937e-06 3.86188761141291e-06 2.23147193791542e-06 3.9503077258494e-07 0 1.12942427166629e-07 2.74628284252284e-07
0 0 0 0 0 0 0 0 0 0 0 0 6.63457030569943e-08 1.0016588925815e-07 2.26038027792877e-07 7.2432978741607e-07 2.24670534843027e-06 9.16417967077595e-06 2.03603673626229e-05 1.60534903328178e-05 3.10155339386579e-05 7.26740955949193e-05 0.00013110314303152 0.000124471045969332 9.39273982778382e-05 4.33571077670101e-05 4.79609854283592e-05 3.50836962289001e-05 5.62162883303373e-06 3.95321193888159e-06 2.41982769102109e-05 6.51695131935182e-05 0.000102507851967487 9.69779863476848e-05 0.000136756971411233 5.46173639327011e-05 1.70997343873362e-05 2.42466200023903e-06 1.35177411654635e-07 0 0 0 0 4.69774240396945e-08 1.52142217773657e-06 1.70440245335953e-05 5.73018863515493e-05 4.88882697878353e-05 1.93528216237059e-05 6.42775790449894e-06 1.96769204825289e-06 3.22462152531174e-06 6.41732848865224e-06 3.96669190181995e-06 4.8817062610045e-07 1.49243394770866e-07 2.05403892222399e-07 1.2435590900421e-07 0 1.43607350694199e-07 1.30445242329635e-06 3.79046471603141e-06
0 0 0 0 0 0 0 0 0 0 0 3.18036210799706e-07 1.3503927032344e-06 2.25176662095953e-06 4.20965719761135e-06 1.08661744690168e-05 2.03870143641147e-05 3.66499200283125e-05 4.36209887051719e-05 2.65312939751851e-05 4.91756759342203e-05 7.77997150634727e-05 4.89144623039109e-05 2.8832508236897e-05 2.43764631330342e-05 1.08682103401639e-05 8.17678030178313e-06 6.04408792854252e-06 1.21518666796253e-06 9.06631117240931e-07 7.21556180733374e-06 3.62202264190476e-05 8.12222510176961e-05 7.66706838826923e-05 4.54377271011618e-05 1.79967004717332e-05 4.0905582698442e-06 5.0949462431582e-07 2.64224363361047e-08 0 0 0 0 3.59668119750125e-08 1.21375312969025e-06 1.44336707819078e-05 6.04204088152452e-05 6.440132108145e-05 6.9945126737542e-05 4.19945567639854e-05 1.03390850075917e-05 2.88416864208653e-06 2.0526673169029e-06 1.16043770628745e-06 2.97111080580549e-07 4.5031352761416e-08 0 0 2.37150215863781e-08 6.2728050366872e-07 5.68283954355895e-06 1.29889333556814e-05
0 0 0 0 0 0 0 0 0 0 8.78089048933704e-08 1.68846058576251e-06 9.87636483720202e-06 1.62518955687261e-05 3.02806459218416e-05 6.06732293665164e-05 0.000100495599160859 9.60540323977339e-05 6.93321525709732e-05 5.13377040372243e-05 5.56188262725637e-05 2.80665065955232e-05 2.4398338037656e-05 1.5540112733652e-05 5.68701885361048e-06 4.84731746599204e-06 4.95193246508588e-06 2.29678768551689e-06 7.72616476372047e-07 2.42572743326386e-07 1.71914207664556e-06 1.34516674959097e-05 3.96847240431723e-05 2.33360398446043e-05 8.5145747247204e-06 2.25899251998178e-06 4.02674369781696e-07 3.98883821421256e-08 0 0 0 0 0 0 3.39788792022171e-07 4.04897192294034e-06 2.02625244756271e-05 5.86338676223998e-05 0.000110556319301615 8.73543396162708e-05 3.43628674576632e-05 1.55855920089159e-05 1.39917535638571e-05 9.36411320702839e-06 3.64612904198039e-06 7.94314080458807e-07 1.93390558611526e-07 9.18870354783698e-08 1.22013181620832e-07 1.27454101976681e-06 1.07743460632048e-05 1.92241854871181e-05
0 0 0 0 0 0 0 0 0 0 8.64024186314945e-08 1.63083814470019e-06 1.01762050712747e-05 3.24093140502393e-05 6.81391954087026e-05 0.00011702635878532 0.000143911987472359 0.000134156733685346 8.18490460112654e-05 3.3857151849315e-05 1.62713378587842e-05 1.58101506453516e-05 5.44667318195568e-05 5.06819002081152e-05 2.41484623283644e-05 3.69219258246112e-05 4.38100583635968e-05 2.17175520849753e-05 1.16101577820923e-05 2.95423110801783e-06 5.23109163366144e-07 2.30626179723315e-06 4.97154891246536e-06 2.66707804854231e-06 6.6073215534094e-07 1.14011389030906e-07 0 0 0 0 0 0 0 0 3.83432670598948e-08 6.4506870662747e-07 7.124583699032e-06 7.73857235528081e-05 0.000111399233286453 7.59960636122949e-05 3.63776720881444e-05 2.11244672433002e-05 3.65600101470033e-05 3.65139804600981e-05 1.72477066432087e-05 7.26167810723831e-06 2.95607885200496e-06 1.91380490920488e-06 1.75835832401351e-06 2.03512282942027e-06 1.17287160771051e-05 2.95712649676863e-05
0 0 0 0 0 0 0 0 0 0 0 3.86545056054334e-07 3.77401942201693e-06 2.84049492189721e-05 8.49732383667928e-05 0.000103595763393973 0.000154395535512364 0.000141655042697887 9.24498512886468e-05 3.16608287238403e-05 1.26042822313931e-05 2.38472930969784e-05 7.44526013365949e-05 9.81019138807589e-05 0.00013009782129091 0.000143089681793442 0.00014258792989397 0.000105640210159344 8.11368599135167e-05 1.88795197662287e-05 1.76747760182902e-06 1.81282826726614e-07 2.4615216522484e-07 1.30918939184299e-07 0 0 0 0 0 0 0 0 0 0 0 1.35872498437091e-07 2.97587062085903e-06 2.37846542032857e-05 6.18362277442215e-05 4.34274822260037e-05 2.37548202159452e-05 7.55747686700038e-06 7.77494441335648e-06 1.90133917983284e-05 3.01910396516916e-05 3.10662295516596e-05 1.45065728503677e-05 1.4437064521368e-05 1.42790023167271e-05 7.63838784393676e-06 1.17627941014161e-05 1.81499998927298e-05
0 0 0 0 0 0 0 0 0 0 0 4.44774450224569e-08 9.56687260880147e-07 8.72654187995354e-06 3.72372045929957e-05 7.17747732644097e-05 9.29028912922006e-05 9.71617027639535e-05 6.94824009792169e-05 3.61171476365398e-05 3.64022105753283e-05 3.52966263716749e-05 4.68870252140339e-05 0.000130854427750156 0.000256584167354332 0.000212924763455622 0.000172155737792261 0.000164918929257381 0.000146181359815261 4.94790635759779e-05 4.23333188310772e-06 1.29345324176108e-07 0 0 0 0 0 0 0 0 0 0 0 0 0 3.35888871466928e-08 9.7840221084985e-07 1.06450589321377e-05 4.55679967775447e-05 7.39737003678018e-05 4.3798129984067e-05 5.08778681728469e-06 1.19016831682228e-06 4.813129079956e-06 1.67311951435809e-05 3.47458831795113e-05 2.66682710367471e-05 2.29357182866832e-05 2.44479887067295e-05 1.86268109736665e-05 1.9227374335612e-05 3.12426537121726e-05
0 0 0 0 0 0 0 0 0 0 0 0 3.79515578783744e-07 5.90552575595935e-06 3.31844761804525e-05 7.27066620826924e-05 0.000103719137558017 7.20951184275976e-05 5.25594539681976e-05 3.18458787940351e-05 3.50628457791098e-05 2.66232397276414e-05 2.74156778916052e-05 8.90827774563597e-05 0.000202293500204775 0.000137889444760247 6.35969936535045e-05 7.00882225884161e-05 6.898637112564e-05 2.48929299291785e-05 2.95486254472311e-06 1.74912711286612e-07 0 0 0 0 0 0 0 0 0 0 0 0 0 0 5.08282973646841e-07 7.61231453715064e-06 4.22773174733705e-05 7.17349499111387e-05 2.3792708280907e-05 2.78494367239063e-06 2.03269475505412e-07 1.20876869127336e-06 9.46881994139579e-06 5.06446771074713e-05 3.84524166394984e-05 1.76037177356965e-05 7.86986387879205e-06 1.48745691330623e-05 2.6429278763057e-05 2.9453020528381e-05
0 0 0 0 0 0 0 0 0 0 0 0 3.88854474103771e-07 7.21554318088226e-06 5.23206442337321e-05 0.000123819373487161 0.000154523014946315 9.86422597877045e-05 8.09359103043359e-05 6.87644481320891e-05 4.49896342831219e-05 3.61083522261495e-05 2.85062007465894e-05 3.49481776184892e-05 4.83434647084045e-05 3.54733243410247e-05 1.13395443130419e-05 1.77203304978519e-05 2.484371884436e-05 1.40308635240363e-05 5.07305050019379e-06 1.37578707586396e-06 1.44743316852113e-07 0 0 0 0 0 0 0 0 0 0 0 0 0 2.73301993595192e-07 4.08632866837367e-06 2.0629011084429e-05 3.82537431826887e-05 9.50482766608044e-06 9.44436119870729e-07 1.69948441824217e-07 3.42679628933889e-06 2.90285181111445e-05 7.10527225979556e-05 0.000100713320026955 6.65355324418091e-05 5.21168810990547e-06 3.70904174450988e-06 9.88382379969845e-06 9.4520579977061e-06
0 0 0 0 0 0 0 0 0 0 0 0 1.44390665738642e-07 2.84978863643086e-06 2.42561045914855e-05 0.000105824932403993 0.000116652890982502 0.00011228872830116 0.000150030523464835 0.000104961596377749 7.07000791678959e-05 5.45180551439735e-05 3.16524952494467e-05 2.34530866030793e-05 1.86392813829344e-05 4.92309406157708e-06 1.25196203527893e-06 3.30372177833331e-06 1.13127846215186e-05 2.25637536385001e-05 2.00312826683992e-05 6.6036926549992e-06 5.85001776638634e-07 0 0 0 0 0 0 0 0 0 0 0 0 0 5.31229306682563e-07 8.16185585753226e-06 4.7079652524692e-05 5.03771640112702e-05 1.22430641143932e-05 1.29230518296161e-06 3.55002964905102e-07 7.50866625088877e-06 6.73953815963356e-05 0.000140623241593849 6.86298533936718e-05 2.23499722668925e-05 3.19006806082663e-06 5.04812807527869e-07 9.54761518627433e-07 9.16836899254516e-07
0 0 0 0 0 0 0 0 0 0 0 0 0 5.14178129125937e-07 6.26470800181215e-06 3.19234393380109e-05 4.77869100633782e-05 4.98700961225443e-05 7.7354237399221e-05 6.27436935593195e-05 4.13398593460943e-05 5.76101168706925e-05 6.48116022029791e-05 3.66485677479348e-05 1.51118943393446e-05 2.10382044211915e-06 1.61256437343434e-07 4.23278426543411e-07 2.51500564503712e-06 1.01848393628597e-05 5.55953755701464e-05 5.82646112602624e-06 5.58838131562823e-07 0 0 0 0 0 0 0 0 0 0 3.05927642179668e-08 9.15201889716006e-08 9.5576026022481e-08 9.01151040591605e-07 1.2153254815922e-05 6.91664442079985e-05 6.53442963636555e-05 2.3312652472122e-05 2.17044260246151e-06 3.60107864076195e-07 6.4717228492572e-06 5.28650209047787e-05 8.76237749622649e-05 3.35862301124926e-05 5.78122771992197e-06 7.02478806142879e-07 5.00388304980817e-08 3.31779810786126e-08 3.193098744554e-08
0 0 0 0 0 0 0 0 0 0 0 0 0 4.83434341493826e-08 7.24147131776213e-07 3.61629132934952e-06 5.79753378121161e-06 7.15043116009389e-06 1.16856135370506e-05 1.16451634036872e-05 1.3163193122532e-05 5.47944716839835e-05 0.000114535570088348 7.1990296209231e-05 1.99192259362765e-05 3.1796016249076e-06 1.97623215984259e-07 0 3.12021263954509e-07 1.73104880292552e-06 3.23472264995105e-06 1.24585372334568e-06 1.35390684524117e-07 0 0 0 0 0 0 0 0 0 3.64813640592558e-08 5.11606572875705e-07 1.87189597544439e-06 1.49118609187461e-06 2.32947175276502e-06 1.17725403921547e-05 3.35442274643981e-05 2.57556009911047e-05 8.55187046852512e-06 1.04201072775756e-06 1.33526467768958e-07 1.96165544815784e-06 1.21457520812646e-05 1.69378612107219e-05 6.32682628618589e-06 8.0966198544262e-07 5.89979062789194e-08 0 0 0
0 7.7552162072681e-08 2.55324994088362e-07 3.15148994404495e-07 1.058832276092e-07 0 0 4.48234713765233e-08 3.72697613600895e-08 0 0 0 0 0 0 0 0 2.74872232559052e-07 6.40612968394396e-07 9.09781141225037e-07 6.26023858477877e-06 4.65665682921371e-05 0.00010649929190407 8.32705944367178e-05 3.73218208367933e-05 6.26732920919712e-06 3.64764244116339e-07 0 0 9.12880422680766e-08 1.57599148146632e-07 7.06248537988595e-08 0 0 0 0 0 0 0 0 0 9.32940747130241e-08 2.58031359281203e-07 2.10647284881035e-06 1.41264395718867e-05 8.63718147896311e-06 1.07068242452558e-05 2.10863537982754e-05 2.23118811736095e-05 6.39420607744234e-06 1.22763391058146e-06 1.45857265962296e-07 0 1.72400817888787e-07 8.7506609227331e-07 1.15763838346018e-06 4.34922636272783e-07 5.18637752720376e-08 0 0 0 0
1.03825028003376e-06 1.63954286755488e-06 3.97215550570125e-06 5.21482806396424e-06 1.49478891325274e-06 1.88519814308258e-07 8.22330126134617e-07 2.65983212608472e-06 2.78175249559027e-06 1.81421439539862e-06 1.13970634937138e-06 5.5750581641283e-07 1.07110019545967e-07 0 0 0 0 0 0 1.11948567736808e-07 2.1681275673728e-06 1.62934902975331e-05 3.34415733649841e-05 2.89079639918552e-05 1.33737185904204e-05 2.70994007454213e-06 1.88543141028357e-07 0 0 0 0 0 0 0 0 0 0 0 1.27836450638735e-07 2.9889974379188e-07 6.72915891879053e-07 2.15620733691551e-06 2.96551291685054e-06 2.74411961301371e-06 1.22102880790409e-05 1.59859917979332e-05 6.45919143836062e-05 1.41856493358613e-05 9.73528343705575e-06 1.98254012405269e-06 1.58122493225648e-07 0 0 0 0 2.80482672540888e-08 0 0 0 0 0 0
1.51376426145524e-05 1.36730223826903e-05 2.15739589078465e-05 3.07269133476362e-05 7.29076657085826e-06 4.71518141917055e-06 1.10785430242794e-05 3.28331738548996e-05 2.97152940037798e-05 2.20653563629396e-05 1.42799820680752e-05 7.45182111492991e-06 1.18978891928864e-06 5.66430462362254e-08 0 0 2.00171398220667e-08 3.10828836365537e-08 0 0 2.51142278888668e-07 1.64202786901338e-06 3.46310692669079e-06 3.20524675614025e-06 1.58277852382933e-06 3.47243563567016e-07 0 0 0 0 0 0 0 0 0 0 0 3.82831319978389e-07 2.32985732031072e-06 4.90633118656482e-06 8.3692204166039e-06 2.02595572819058e-05 2.63589508701921e-05 6.39034388272731e-06 3.00222029761903e-06 4.62458748143065e-06 4.6426844760304e-06 2.57809064224284e-06 1.11312384196784e-06 2.3177974787788e-07 0 0 0 0 0 0 0 0 0 0 0 0
8.67121815255182e-05 4.14732396398749e-05 3.46683077343743e-05 4.3657988288398e-05 2.63165533413261e-05 4.14889603649267e-05 6.09427354930261e-05 8.81797894401982e-05 0.000160231441180615 8.92363935270315e-05 6.60947560939117e-05 3.27893011110762e-05 3.93303343832861e-06 1.93353422123881e-07 0 1.33522917101644e-07 6.04565487877354e-07 8.72563628516549e-07 3.29936301406327e-07 3.05201174192037e-08 0 0 0 0 0 0 0 0 0 0 0 0 0 0 0 0 1.54525114263812e-07 2.40249233202249e-06 1.55728515161014e-05 2.92107593124556e-05 4.86332550405794e-05 7.09862410673219e-05 6.43814503830078e-05 1.40597773646736e-05 1.29068677715837e-06 3.80244658840157e-07 3.41630860762364e-07 1.61031784876249e-07 5.15321407621249e-08 0 0 0 0 0 0 0 0 0 0 0 0 0
0.000102870561131928 4.71436567372784e-05 3.93480397567434e-05 7.56890624389495e-05 0.000100235298226672 0.000168496161616463 0.000157347440642253 0.000104692645319494 0.000104496478983054 0.000111283726935516 8.6112715261565e-05 4.20800298245513e-05 8.06468352278979e-06 5.54188037950054e-07 1.41426789854046e-07 1.77836231799917e-06 7.27770011514283e-06 9.17578208740481e-06 2.62821069789371e-06 1.82635791044306e-07 0 0 0 0 0 0 0 0 0 0 0 0 0 0 0 0 6.99371797620167e-07 7.66651471699889e-06 3.92350666032078e-05 5.3298864487434e-05 6.93220421331081e-05 0.00012200901651345 8.6169078903753e-05 2.08377409623943e-05 1.64756143850306e-06 5.16923973664773e-08 0 0 0 0 0 0 0 0 0 0 0 0 0 0 0 0
7.45753198495465e-05 5.2448037986006e-05 5.53088336911101e-05 7.92796611396151e-05 0.000150858104154812 0.00020724746574704 0.0001519327311961 7.31862559554807e-05 3.63253578365088e-05 4.62403967749253e-05 8.39008837525853e-05 6.8530529703783e-05 1.76850072952593e-05 1.29406456771952e-06 7.23941134864341e-07 8.45147203238578e-06 4.24438342243396e-05 2.46233232198307e-05 4.5928466111195e-06 2.87290429555209e-07 0 0 0 0 0 0 0 0 0 0 0 0 0 0 0 1.16294824635716e-07 2.09658336722601e-06 1.73500087026896e-05 7.89504199831989e-05 5.87227195212648e-05 5.5107001188129e-05 8.45475717963386e-05 6.07269517778841e-05 1.74068659458419e-05 2.54037720026361e-06 1.66862999239863e-07 0 0 0 0 0 0 0 0 0 0 0 0 0 0 0 0
4.91741932686823e-05 5.55265284801743e-05 7.38817825550228e-05 9.37503724829423e-05 0.000145278021621811 0.000211129709974448 8.70872884560665e-05 2.15399768097607e-05 6.44524860810291e-06 1.39624029329326e-05 5.34641667937664e-05 5.54284229602126e-05 1.65913477458453e-05 1.92661397064388e-06 1.64566712838722e-06 1.67633108712281e-05 7.64846652370203e-05 2.88454294062908e-05 4.39967075146514e-06 2.41961111777724e-07 0 0 0 0 0 0 0 0 0 0 0 0 0 0 3.15367564171118e-07 1.16934184858833e-06 4.51175402628116e-06 2.50322967644657e-05 3.15293706798528e-05 2.6279214756683e-05 4.72420081263998e-05 0.000106027670152516 9.31479855913966e-05 4.80402745070327e-05 1.12050557453981e-05 8.28436400799742e-07 0 0 0 0 0 0 0 0 0 0 0 0 0 0 0 0
4.45842221160105e-05 3.52845154529205e-05 4.60904538404859e-05 3.73597405667227e-05 9.4663798762515e-05 0.000138423234156271 6.84427469632332e-05 1.8394256001609e-05 4.03314502711511e-06 5.60732278697209e-06 2.27652788050318e-05 4.04615588287286e-05 2.84368190774598e-05 3.26438201430896e-06 2.98894313017119e-06 2.33463887010483e-05 7.27218761682639e-05 4.1965704390638e-05 5.25987380856981e-06 2.55277118287284e-07 0 0 0 0 0 0 0 0 0 0 0 0 6.98208604828874e-08 4.42868884202309e-07 3.36843076927771e-06 1.30664668913026e-05 1.45813496711694e-05 3.99277470809632e-05 5.79159445775944e-05 7.03004076731316e-05 7.77162462090864e-05 0.000152348428889721 0.00011779797071388 6.43771215956831e-05 1.52911012917092e-05 1.21262681145213e-06 0 0 0 0 0 0 0 0 0 0 0 0 0 0 0 0
4.44015934845085e-05 1.55200660152433e-05 3.13143879021245e-05 5.50064667788938e-05 7.16657116656856e-05 8.73682125973354e-05 8.67054462006619e-05 4.44823354263976e-05 1.22547792210535e-05 1.61094199786863e-05 6.35649636075341e-05 8.31334366985765e-05 3.75615581685427e-05 4.11840621179538e-06 3.15037858517568e-06 2.62450072785342e-05 3.76505851560516e-05 2.66121756154604e-05 3.7435572576001e-06 1.82813120683191e-07 0 0 0 0 0 0 0 0 0 0 0 2.9279844588176e-07 1.36671599399166e-06 4.00949129637665e-06 1.38829220018088e-05 4.66009191939623e-05 4.29814532187881e-05 4.81114312769886e-05 8.11318829256804e-05 9.96305196987559e-05 6.8804584409745e-05 3.34133505656969e-05 3.04719935952829e-05 2.74074636265011e-05 6.43682432975837e-06 5.12137834196601e-07 0 0 0 0 0 0 0 0 0 0 0 0 0 0 0 0
