simulations/projFolders/pop250/sim1/UDs_popWinter/averageUD_winter.asc
NCOLS 300
NROWS 314
XLLCORNER -963172.442743181
YLLCORNER 1747791.22278076
CELLSIZE 500
NODATA_VALUE -9999
[rows 54 to 80 of 314, columns 124 to 185 of 300]
0 0 0 0 0 0 0 0 0 0 0 0 0 0 0 0 0 0 0 0 0 0 0 0 0 1.49065119257491e-07 6.40596903079991e-07 9.21256665153163e-07 5.06872485608279e-07 1.14554873960588e-07 0 0 0 0 0 0 0 0 0 0 0 0 0 0 0 0 0 0 0 0 0 0 0 0 0 0 0 0 0 0 0 0
0 0 0 0 0 0 0 0 0 0 0 0 0 0 0 0 0 0 0 0 0 0 0 0 6.28677953191244e-08 1.10538152457823e-06 5.59563049771483e-06 9.62592102114014e-06 5.8199753956198e-06 1.85615336431212e-06 5.23820752020461e-07 9.53697599001779e-08 0 0 0 0 0 0 0 0 0 0 0 0 0 0 0 0 0 0 0 0 0 0 0 0 0 0 0 0 0 0
0 0 0 0 0 0 0 0 0 0 0 0 0 0 0 0 0 0 0 0 0 0 0 0 1.00466364479595e-07 1.93762080648656e-06 1.42553420667307e-05 2.63371150811184e-05 3.53353097861151e-05 1.58132482242333e-05 6.82784896008291e-06 1.19213142839329e-06 6.3092942551427e-08 0 0 0 0 0 0 0 0 0 0 0 0 0 0 0 0 0 0 0 0 0 0 0 0 0 0 0 0 0
0 0 0 0 0 0 0 0 0 0 0 0 0 3.3563390008438e-07 8.56095808137311e-07 1.65312411182318e-06 1.67180353227774e-06 5.28942153063415e-07 0 0 0 0 0 1.0410528188343e-07 2.86088324942615e-07 8.61045612995976e-07 4.22320235312989e-06 2.23152935395212e-05 5.27757778504326e-05 5.68011887092306e-05 3.99109720987575e-05 3.69638018128357e-06 1.72060346728357e-07 0 0 0 0 0 0 0 0 0 0 0 0 0 0 0 0 0 0 0 0 0 0 0 0 0 0 0 0 0
0 0 0 0 0 0 0 0 0 0 9.36270880169039e-08 4.26507118181203e-07 1.78401789074606e-06 5.88886439510767e-06 1.13843390662137e-05 1.96152776383293e-05 2.23745442816891e-05 5.88369974577268e-06 4.59286005708916e-07 0 0 5.11970792761777e-08 5.72365708367784e-07 2.29797535462958e-06 4.69074584313109e-06 4.73546795314214e-06 2.45657050861353e-06 1.05457957782162e-05 4.69245351620306e-05 5.21503612142731e-05 1.91261917258652e-05 3.38578852658422e-06 4.20873256891819e-07 0 0 0 0 0 0 0 0 0 0 0 0 0 0 0 0 0 0 0 0 0 0 0 0 0 0 0 0 0
0 0 0 0 0 0 0 0 0 0 1.55549566185002e-06 6.94459583268901e-06 1.82302538215901e-05 4.56782877220667e-05 6.50214031019048e-05 8.03072526656183e-05 8.72905030417477e-05 2.13094707473664e-05 1.9458316955463e-06 9.58218005946097e-08 0 5.64315356036766e-07 4.76477760587345e-06 1.90842207427382e-05 2.58456393949291e-05 2.24288273492464e-05 9.83244832121762e-06 1.62563696423723e-05 2.69216503815627e-05 2.03956439990868e-05 1.89826544280909e-05 1.45232593569289e-05 3.55152040545394e-06 2.95980571390844e-07 0 0 0 0 0 0 0 0 0 0 0 0 0 0 0 0 0 0 0 0 0 0 0 0 0 0 0 0
0 0 0 0 0 0 0 0 0 0 8.37280321454668e-06 5.50520755079955e-05 9.15739312317807e-05 0.000117894314171532 0.000104684233614004 0.000100933328221294 0.000126442968783208 4.15271296893059e-05 6.64778379396626e-06 8.88576730648955e-07 8.18034284345993e-07 4.88204415647594e-06 2.18716580313212e-05 5.80802522314176e-05 4.99106719844552e-05 9.64867621185905e-05 2.92521770899736e-05 5.57752437615386e-05 3.2596372051904e-05 3.49259413607087e-05 7.66675322871013e-05 6.49172663369528e-05 1.29400584783122e-05 1.02044246109329e-06 1.90139136882159e-07 1.65314564865771e-06 4.15996275637687e-06 2.69380700642064e-06 9.61880199138328e-07 1.16357172316481e-06 1.68782740282741e-06 1.03687541508366e-06 1.84747070216091e-07 0 0 0 0 0 0 0 0 0 0 0 0 0 0 0 0 0 0 0
1.94637614090238e-07 0 0 0 0 0 0 0 0 0 1.82844251304386e-05 9.57109406119948e-05 0.000198380187056293 0.000233228430037285 0.000134888395600765 0.000144956350255278 0.00013390573852632 5.17195500179193e-05 2.41899490237528e-05 4.36165183568159e-06 5.17061445607868e-06 3.23542207320424e-05 6.61557837995511e-05 0.00012029475712823 7.69058838108603e-05 4.57755923046147e-05 5.52109144356632e-05 7.36201703186516e-05 3.86853106129728e-05 6.20782673053741e-05 9.79202985282175e-05 6.35078251049644e-05 1.92873738611296e-05 2.66659795175533e-06 1.50186347235669e-06 1.14267915431116e-05 3.34190800621731e-05 2.0232785483189e-05 9.02166496518805e-06 1.06136305205502e-05 1.35759850897211e-05 1.06098502822217e-05 2.30389786770929e-06 7.12155247688376e-07 4.44880511858659e-07 1.42828546743475e-07 0 0 0 0 0 0 0 0 0 0 0 0 0 0 0 0
3.7029145732945e-06 6.68007938328564e-07 0 0 0 0 0 0 0 0 2.1451367054765e-05 0.000107884094066036 0.000153075337334722 0.000152518361731892 0.000201071411272385 0.000206124722856281 8.99130925094145e-05 4.59649115574895e-05 3.91739196882789e-05 1.02303801054134e-05 1.67051721282137e-05 4.5077383496059e-05 9.62868555906927e-05 0.000133879437976826 0.000117382444383614 5.50849362937021e-05 8.45665484251097e-05 0.000150151684806442 7.47640505065544e-05 6.65941983134004e-05 6.18964135342538e-05 5.42038827868071e-05 3.10867093350653e-05 8.48497170537823e-06 7.14319618067654e-06 3.29053327279453e-05 8.35343747920416e-05 5.63024580201886e-05 2.911386078655e-05 2.78836600345388e-05 3.59193719746917e-05 3.87574732113088e-05 2.16712802542009e-05 1.10499085804143e-05 7.62356631083032e-06 2.09147063912453e-06 1.81819530463802e-07 0 0 0 0 0 0 0 0 0 0 0 0 0 0 0
2.37043425324258e-05 3.19004175096391e-06 0 0 0 0 0 0 0 0 8.63830279134239e-06 2.97465529146588e-05 3.55418212537088e-05 5.98627924624844e-05 8.26254337619862e-05 8.86212437909295e-05 5.9678100020158e-05 6.95439055220143e-05 4.11784499681219e-05 1.13246180061459e-05 2.81814262132388e-05 4.26335558085664e-05 0.000113124713246047 0.000140688419272879 0.000106009393878321 4.77106906239092e-05 7.06014632831635e-05 0.000114126630071326 9.67530980230578e-05 5.47000430255445e-05 3.26866730886943e-05 3.53745184664871e-05 3.21743711671017e-05 2.54179350906826e-05 2.83654201636345e-05 6.20105191760396e-05 0.00010932198906531 5.69424479919886e-05 1.76178719761785e-05 2.9192604110195e-05 9.50849279293879e-05 0.000154023453517536 0.000114443696979052 6.16857036644958e-05 4.45717312176459e-05 9.31277405012795e-06 7.13908113188263e-07 0 0 0 0 0 0 0 0 0 0 0 0 0 0 0
2.96121127757889e-05 3.54062788945723e-06 0 0 0 0 0 0 0 0 9.54056973100082e-07 2.7188388617382e-06 3.79241374134847e-06 9.50084533075335e-06 1.77909880789081e-05 3.14033105815051e-05 3.00718545765864e-05 3.76858897321927e-05 1.72703862105346e-05 6.16467883507346e-06 2.05100346255803e-05 4.13616932725229e-05 6.49850442686097e-05 6.86029195448272e-05 7.12431892402417e-05 7.9102054199433e-05 7.88543149441264e-05 0.000106289602763853 0.000100548662195844 5.56616857374264e-05 2.46599390981563e-05 1.88327841368123e-05 3.81904579511296e-05 6.56647383843911e-05 7.37088471288726e-05 6.04093521536448e-05 5.74187896863478e-05 1.92008335048937e-05 6.14227540489081e-06 3.41869517992758e-05 0.000132363319331903 0.00019837763895773 0.000210835322634047 0.000132928073340872 5.93569501942661e-05 1.71567201530038e-05 7.88715108841357e-06 1.80348823689672e-06 1.59285170879142e-06 4.02322923566805e-06 5.22352475416173e-06 3.56248440045821e-06 9.57672425540623e-07 0 0 0 0 0 0 0 0 0
1.0735937388924e-05 1.09582662062866e-06 0 0 0 0 0 0 0 0 0 9.31319518255446e-08 1.69881066456743e-07 5.80016930768116e-07 1.81591650381821e-06 5.19741372881136e-06 1.82275362223187e-05 5.06181195129466e-05 2.51002218450893e-05 6.08959002120943e-06 1.14001324344263e-05 6.07572197615442e-05 3.09425499138115e-05 3.99276427728349e-05 0.000108972519582583 0.000185454487709429 0.000103422433087051 9.76663082357933e-05 0.000128471404250885 8.20964648916064e-05 4.94359060878915e-05 4.00777943235309e-05 5.0017029022424e-05 0.00013645866506544 0.000153785079642036 9.52000319489731e-05 2.82286945591676e-05 4.55765612199366e-06 5.50882331756146e-06 5.05236312498628e-05 0.000144306570220578 0.000192154914046238 0.000147603258418001 9.01701747927849e-05 4.99392337851595e-05 3.05978674291157e-05 2.3485559958595e-05 1.09520824572248e-05 1.83915663420148e-05 4.01561967831138e-05 4.41353134593956e-05 2.67706140744212e-05 6.58038491059704e-06 6.56954943810801e-07 0 0 0 0 0 0 0 0
1.90467142872011e-06 1.42779113887468e-07 0 0 0 0 0 0 0 0 0 0 0 0 1.47506070716436e-07 2.44597275621155e-06 2.48063355562333e-05 0.00010521014029576 5.5251903804797e-05 2.36905403318768e-05 1.5768108881709e-05 4.52301427499627e-05 5.4174091640305e-05 0.00010711039597491 0.000168015614069358 0.000230006128436505 0.0001091530695021 0.000107884980685127 0.000169787362134436 0.000114609479847833 5.69602176267035e-05 7.34614506002734e-05 9.13317724613385e-05 0.000175999343308712 0.000243890419482498 0.000145419761467017 3.16175892793673e-05 2.72785196878026e-06 5.56062813574898e-06 5.43343499035757e-05 0.000170049756681769 0.000164091139951148 0.000111683100407057 7.36605524654671e-05 4.95315156633545e-05 7.8298449477805e-05 8.91232341089811e-05 8.10851603347801e-05 0.000100615188429961 0.000142903849412285 0.000118087001086835 6.16095848078648e-05 2.11881808832435e-05 3.38001153265672e-06 2.67416558795464e-07 0 0 0 0 0 0 0
2.5278434610606e-07 0 0 0 0 0 0 0 0 0 0 0 0 0 0 1.33392261275639e-06 1.31270000646551e-05 3.81511151603069e-05 6.52035921491518e-05 5.58846071087768e-05 2.7847556383629e-05 6.31730630683285e-05 4.79130744698542e-05 3.45422066578333e-05 6.5780490604488e-05 9.888923163321e-05 4.15553189609806e-05 5.27832135298647e-05 0.000101075045714758 0.000107004374213068 2.67102345692935e-05 3.62583398640724e-05 9.90641861667009e-05 0.000160528033892871 0.000183822214513057 0.000125641331014857 2.58414372674745e-05 3.66855878202575e-06 4.29235771087397e-06 2.85323373833105e-05 0.000107000790483802 0.000134205415778942 0.000119040116609228 0.000102356299707639 8.04354175529836e-05 0.000129465773638023 0.00025841218220405 0.000280966639380615 0.000267588704692901 0.000218393400204108 0.000116439290287474 6.76167681480837e-05 4.99577373020629e-05 1.19616268143859e-05 1.34052580622249e-06 0 0 0 0 0 0 7.2544283430751e-07
0 0 0 0 0 0 0 0 0 0 0 0 0 0 0 5.79364422889596e-07 6.60043721694123e-06 2.32949703817291e-05 5.17469718797928e-05 4.20588515492149e-05 3.30137014226743e-05 8.45919698060939e-05 4.99413907282413e-05 2.42288149774175e-05 4.12248745357985e-05 4.44778948803641e-05 2.27401163317232e-05 3.8926213960585e-05 2.6644395651236e-05 1.60460807304178e-05 5.35357743238482e-06 9.77202970054172e-06 3.28864753084638e-05 3.93621846839997e-05 4.06414866247656e-05 4.10376600719414e-05 2.62349434067978e-05 1.64272691973754e-05 1.90537813957245e-05 3.77486049943365e-05 8.58244075949282e-05 8.55968221601264e-05 7.84940197677975e-05 0.00012912891798824 0.00011576095217736 0.000111399337594582 0.000189688175823421 0.000255365759008755 0.000328233510094455 0.000372782200391616 0.000172497719441491 7.2674870455301e-05 7.06030055533463e-05 3.35086136891623e-05 4.02500713046212e-06 1.96015302111891e-07 0 0 0 0 2.82357126568405e-07 5.01829152680104e-06
0 0 0 0 0 0 0 0 0 0 0 0 0 0 0 5.4445065298361e-07 7.84392933906949e-06 3.28119881289827e-05 6.26854374696608e-05 7.64577090364339e-05 6.23135156623161e-05 0.000111221499686401 0.000110696062391223 7.58221968635705e-05 9.58919822698305e-05 0.000122423164486307 5.76910711541286e-05 7.17649459486072e-05 1.90623868163097e-05 3.97181650428425e-06 1.27175718017733e-06 4.19492320882688e-06 2.01103296032034e-05 2.04329658199236e-05 1.98377836398116e-05 3.00305485577773e-05 3.7616003286228e-05 3.65348867892428e-05 5.89349493094638e-05 0.000108612433022511 9.23257767700272e-05 5.01342750839299e-05 6.84051513335596e-05 0.0001160965188767 6.74764290120291e-05 3.70458662327801e-05 6.33040293739969e-05 0.000118623770715096 0.000239615604163631 0.000297670274826581 0.000138398542932185 7.07016959438847e-05 9.81609001273157e-05 5.67527301330521e-05 8.95335897363161e-06 5.55332924431998e-07 0 0 0 0 1.04951520864481e-06 1.48124825136561e-05
0 0 0 0 0 0 0 0 0 0 0 0 7.70488186011369e-08 1.389592361419e-07 2.62329936829888e-07 5.50044583817626e-07 2.71424511314117e-06 1.48031096832698e-05 4.8387978202159e-05 5.53031041946339e-05 8.6451925294815e-05 0.000191163509990177 0.000184671491293722 0.000157602012079963 0.000168804109013543 0.000206519096988243 0.000109643533771974 7.91349485127522e-05 4.51760403589847e-05 2.25497111567269e-05 1.05585716612885e-05 1.14679727646957e-05 3.64828817367018e-05 4.13450374996066e-05 5.14777786776679e-05 5.63534795960913e-05 4.90305647012957e-05 4.26956973760045e-05 8.33652615137358e-05 0.000157948777001935 0.000169927716171652 9.69452782988804e-05 0.000121267862558354 6.03343620599737e-05 1.97558868579304e-05 5.917885337841e-06 1.17807555885814e-05 3.88338528382607e-05 0.000104782246001708 8.72093811202483e-05 5.77827915265219e-05 7.82753899308689e-05 0.000130873709852731 8.4387265104294e-05 1.84897612689437e-05 1.32736458843513e-06 0 0 0 8.14766273433274e-07 5.10823307307774e-06 2.61316653212592e-05
0 0 0 0 0 0 0 0 0 0 3.86052779314315e-08 5.28805888929283e-07 2.17467360091591e-06 3.32862976774851e-06 5.02814398831306e-06 6.6352263060376e-06 3.55505756859059e-06 5.29896933324909e-06 2.40727681548271e-05 3.34313139155072e-05 8.0334588845815e-05 0.000111625596826038 0.000167518243111275 0.000249602377291999 0.000164716079750149 0.000127413794335671 0.000172773599539699 0.000169418141162556 0.000165006458678191 0.000118685960711308 5.60123286865967e-05 4.10368926621403e-05 7.02315345061275e-05 0.000102056004056828 5.84046393345773e-05 7.05854221831462e-05 5.01534119001837e-05 5.46035207539588e-05 0.00010017486656748 0.00012260781967573 0.000145072907138079 0.000171653792177693 8.01766812407214e-05 1.9871521731383e-05 3.87578084874355e-06 1.03116489430489e-06 5.1933759797911e-06 2.15368885441048e-05 3.39737199079869e-05 3.35041694178384e-05 3.32043282524432e-05 7.07163959393952e-05 7.55934118852932e-05 6.65768831641017e-05 1.7553778356625e-05 1.30428548372493e-06 0 0 0 4.87317563726352e-06 3.05256154238126e-05 7.52497762071709e-05
0 0 0 0 0 0 0 0 0 0 2.68914329221522e-07 4.2591253274603e-06 2.13050544157197e-05 2.75604035569842e-05 3.64578813135212e-05 4.32791560675531e-05 1.92477796132118e-05 9.51079837510337e-06 1.20587767973866e-05 3.52240726178577e-05 3.81511114350166e-05 3.18450182519766e-05 7.29674547551984e-05 0.000179787665517162 0.000136843308739147 0.000100164681623809 0.000147268325018011 0.000219820976149261 0.000338411301208073 0.000240002184988293 0.000104387164064589 6.21219724111342e-05 6.02109729947687e-05 9.73020866034917e-05 8.98458063160767e-05 7.82166272017298e-05 3.28747406440294e-05 1.98322404078502e-05 3.19985523662619e-05 4.07522022523814e-05 0.000103691562959241 0.00015071742229205 7.16231464987563e-05 1.21773332297543e-05 3.93950519889643e-06 5.40922814714233e-06 2.34066955630153e-05 7.55720659718936e-05 6.86257555743455e-05 3.04020084291252e-05 2.39881034822556e-05 2.28299423940007e-05 2.4278176936493e-05 1.6580179325536e-05 4.77470690149783e-06 4.0341142428765e-07 0 0 0 7.75974383196237e-06 5.4150242331826e-05 0.000118990264774478
0 0 0 0 0 0 0 0 0 0 4.93630068133993e-07 8.77766683266192e-06 0.000107895456201441 7.20041915420374e-05 6.69057443409076e-05 5.67833557445807e-05 4.83350977063983e-05 4.0569718907201e-05 4.1734963634955e-05 0.000103966012545975 5.87397440979204e-05 1.84247475026869e-05 5.02012669793342e-05 9.21034514451243e-05 0.000108663670665251 8.55487286623969e-05 8.61382409506775e-05 0.000154419779701614 0.000244310945152343 0.000256747305267002 0.000174192339096267 0.000124143905876643 9.00064929877316e-05 8.28650667856072e-05 8.01988094650834e-05 4.44204993327639e-05 1.08775729260019e-05 3.16306669109536e-06 3.54831293050854e-06 1.0819107288764e-05 4.93404455240403e-05 0.000108840554899116 7.47640430559738e-05 4.05483878949625e-05 4.36121746683301e-05 3.34861464633833e-05 6.52223303593438e-05 0.000113054498974536 0.000105569377489644 2.51447670038113e-05 2.17891912800247e-05 3.21938767870948e-05 7.7352975457133e-06 6.167408425123e-07 0 0 0 0 0 3.37937217970956e-06 2.29658167696348e-05 5.0796143685642e-05
0 0 0 0 0 0 0 0 0 0 2.25261232006453e-07 3.60252195792125e-06 1.82638503521303e-05 3.30171100632958e-05 5.58733902596936e-05 4.72420342034319e-05 6.68008252649933e-05 6.35419413135009e-05 7.14420303351147e-05 0.00020309719433337 0.000118111655058018 3.54057699267856e-05 4.76516186956755e-05 6.8594716455594e-05 8.21313187076217e-05 5.81712312710419e-05 4.56792264952215e-05 7.49407559264847e-05 0.000135019719534302 0.0002342061846297 0.00017753687492226 0.000117745876254372 5.3335435662276e-05 4.39519732974469e-05 4.54852357283147e-05 2.30827666705621e-05 3.21157229906393e-06 2.93331045978857e-07 2.05052230639163e-07 2.28563137240105e-06 2.04023420710402e-05 8.91324802794973e-05 0.000110530242269539 0.000153477430268179 0.000202401086588542 0.000108304463273689 6.90262317318139e-05 0.000125879406867134 6.21284059874765e-05 1.56256463301852e-05 1.33870067009085e-05 3.14920544469514e-05 1.06609761662526e-05 3.34905367179979e-06 2.70108319686189e-06 5.64135890176726e-06 4.13874070887954e-06 9.53647307582775e-07 0 5.17475651322725e-07 4.89545287323737e-06 2.66329292077029e-05
0 0 0 0 0 0 0 0 0 0 0 3.99477575942069e-07 1.96108873837147e-06 5.28464931734884e-06 1.34613234483585e-05 2.45019905148695e-05 3.67099940596359e-05 3.54048013513084e-05 3.19078229210875e-05 7.78514071916287e-05 9.66769754411365e-05 5.56942671263607e-05 8.40819775644852e-05 9.25680994532425e-05 2.26120948680343e-05 2.97119505557386e-05 5.40230013164542e-05 4.89729456362777e-05 8.18217545345523e-05 0.000137101679972961 0.000133520305091069 9.5417119515719e-05 2.86712795355039e-05 8.78471042529027e-06 8.61384812319016e-06 5.04589685922165e-06 8.50871088496286e-07 1.22163226418678e-07 0 6.5971974949517e-07 8.03459807835421e-06 4.44185621818096e-05 0.000130056023533782 0.000210598185554925 0.000326420038778055 0.000233813777451014 9.86747666708329e-05 8.07211473187351e-05 3.52155603295299e-05 7.56003334746644e-06 1.85599904416158e-05 4.89474832771002e-05 2.82807759801596e-05 3.09410933253055e-05 2.30905618405078e-05 3.95140275164903e-05 2.60049011430455e-05 6.32229167657232e-06 5.75825920976745e-07 1.4808651751078e-07 3.0004014246317e-06 2.57017183922542e-05
0 0 0 0 0 0 0 0 0 0 0 0 8.22578076218071e-08 3.77073854721116e-07 1.6782386220192e-06 6.94007193328504e-06 1.74994077447457e-05 2.11445819482569e-05 1.1817058542522e-05 4.20736558528537e-05 4.69905510313772e-05 4.36448305630703e-05 6.26577213098539e-05 4.45779301006995e-05 1.28788435768354e-05 4.37504499935604e-05 5.92441223270521e-05 4.355189202075e-05 5.21863475185385e-05 7.34761431452033e-05 6.55792578732446e-05 6.18235654825032e-05 1.66301447816396e-05 1.83178798671168e-06 6.55819195931615e-07 1.22954649790282e-06 2.57291388571438e-06 2.26174620800292e-06 1.28278171114892e-06 2.23191454896879e-06 7.05944886084057e-06 2.28219926245077e-05 9.67374741555538e-05 0.000231983765845697 0.000279751002651019 0.00021970529843497 0.00011948710674134 9.81298535579836e-05 4.8938777273677e-05 9.80853102619068e-06 1.7263220614649e-05 4.47611994821325e-05 7.69439264753695e-05 0.000106096707232294 8.26743095706779e-05 6.08332566617887e-05 5.42371459038658e-05 1.64263397374464e-05 1.38784479281625e-06 7.22150085138914e-07 2.08392855608836e-06 7.13250226921878e-06
0 0 0 0 0 0 0 0 0 0 0 0 0 0 5.33391895907418e-07 5.44923264265398e-06 1.96386668734567e-05 2.05971971052957e-05 1.65972430177398e-05 2.98349950315911e-05 3.33873778417488e-05 1.36125218056279e-05 1.1860405089091e-05 8.24457313460121e-06 7.78637732927684e-06 3.93783747956288e-05 4.76574674014412e-05 1.66478119708714e-05 2.7062499882388e-05 4.9063861345967e-05 5.32666183746264e-05 3.83329577555563e-05 6.42788875532061e-06 5.63541135939336e-07 8.51062649908259e-07 5.6855729753141e-06 2.34833974275778e-05 2.20096092562957e-05 1.46602550449423e-05 1.79442521096469e-05 3.77936698310549e-05 3.35186645223826e-05 5.00973090283164e-05 0.000109529286569157 0.000198688954017239 0.000113989382926217 7.79565795872832e-05 8.21912735296556e-05 8.10567363698168e-05 1.52769982739687e-05 6.4682308552654e-06 2.09368355469299e-05 4.67807277807098e-05 9.23301651619967e-05 9.68916937232537e-05 5.54427727784352e-05 2.51347087200104e-05 7.15585192313677e-06 2.63882940505361e-06 7.46246939158155e-06 1.26346200642463e-05 4.19228616895816e-06
0 0 0 0 0 1.11254579623951e-07 3.48101428073137e-07 3.67658823780652e-07 5.45691058237066e-07 1.56212039215065e-06 2.06928467276295e-06 7.60668306237535e-07 7.25689532926255e-08 6.53623792137937e-08 2.14330758794086e-06 2.34871636960677e-05 8.90610143104467e-05 8.25392901491669e-05 5.56748956168182e-05 4.41106445870513e-05 3.23374830027397e-05 7.90439731984182e-06 1.19983893760169e-06 6.1244855139099e-07 1.87916040793814e-06 8.5885692345598e-06 8.89695062796003e-06 4.63131535570637e-06 1.98158752075771e-05 3.16818170093715e-05 1.72018315558508e-05 7.61537951974219e-06 1.53691728989476e-06 1.17380963580721e-06 6.17217970708573e-06 1.45753025936954e-05 3.47841642625995e-05 7.17546715979691e-05 5.03580122938552e-05 5.61139881335015e-05 6.77575245166516e-05 2.60827876499223e-05 1.97508670292557e-05 4.11425046420497e-05 5.76546042874148e-05 4.74563911323903e-05 6.53157233870804e-05 7.15416296964854e-05 7.01406225217286e-05 2.26556602754083e-05 4.37012640544514e-06 3.41561809014256e-06 1.34234372460418e-05 4.53182831183809e-05 8.17733853653408e-05 3.17145995639818e-05 7.94205162283759e-06 7.11680436157007e-06 1.65873505093571e-05 2.79066674274108e-05 3.17160859548102e-05 1.01515529627367e-05
0 0 0 0 1.67317833902018e-07 1.60329136918644e-06 5.29117695727111e-06 5.61269372425726e-06 6.47317012453744e-06 1.53238382115134e-05 2.2045543406497e-05 6.2974076687134e-06 5.18874206790805e-07 1.22251818478545e-07 3.8997393547944e-06 4.57423366381367e-05 0.000146644055771263 9.88400130978109e-05 5.74237554983132e-05 3.44922430643749e-05 1.89072601404226e-05 3.15904524022015e-06 1.92512117697282e-07 0 1.3935622694105e-07 5.39648346337627e-07 5.16773375894149e-07 7.4878765698965e-07 3.71198472384422e-06 6.3834930738718e-06 3.05132730713986e-06 7.58896057586574e-07 3.86244442589694e-07 4.603452512594e-06 2.71010063455391e-05 3.56683097604406e-05 3.16331907951296e-05 7.27399959802667e-05 5.34734390413147e-05 2.81572677056652e-05 3.6118041706211e-05 3.14601659620123e-05 4.08580526508699e-05 4.15929034147833e-05 3.46499159761798e-05 3.49087454206994e-05 2.58840042970489e-05 2.33342442546813e-05 3.94496917530675e-05 9.50030534992485e-05 9.814538056794e-06 3.09370667521561e-06 2.14769653870383e-05 6.96308314457958e-05 0.000133259609276111 4.62083481025034e-05 2.15864926470496e-05 3.55021953408235e-05 7.0962041581555e-05 5.77807128145364e-05 4.01231311064409e-05 8.99863242660656e-06
0 0 0 0 8.95881908505325e-07 8.05661640665244e-06 3.45912873574914e-05 3.21893356582232e-05 3.1153053029958e-05 5.32884038722811e-05 0.000112729772869959 1.57572030943656e-05 1.36526150096147e-06 7.21888936468355e-08 2.16396804792597e-06 2.23048105726265e-05 6.5340697733229e-05 7.89685770481047e-05 5.03948367884374e-05 3.07675488141918e-05 1.43387755308592e-05 1.85412121845531e-06 8.71200754344591e-08 0 0 0 0 4.87385513894478e-08 2.70902062633079e-07 4.31836233262024e-07 1.96012944701626e-07 3.38058925824292e-08 3.8529498832917e-07 7.47162010153393e-06 5.58232441270107e-05 7.48657956351359e-05 4.62842508922973e-05 5.50541355935295e-05 1.93586740547619e-05 1.16445599066591e-05 3.26479896742541e-05 7.06913321862795e-05 7.66705870251446e-05 3.69299389240393e-05 1.90580151881466e-05 7.81217217061329e-06 3.78551939316263e-06 3.72102181244256e-06 1.13547891322583e-05 2.320273778192e-05 9.93258039910075e-06 4.72308788216386e-06 3.80348749271811e-05 0.000132575377756748 0.000142055630614065 9.45843681228102e-05 8.68702008893207e-05 0.00010339529062195 0.000105992376752246 5.93277178413085e-05 1.53120113461442e-05 2.78125540216632e-06
