simulations/projFolders/pop250/sim1/UDs_popWinter/averageUD_winter.asc
NCOLS 300
NROWS 314
XLLCORNER -963172.442743181
YLLCORNER 1747791.22278076
CELLSIZE 500
NODATA_VALUE -9999
[rows 135 to 161 of 314, columns 62 to 123 of 300]
0 0 0 0 0 0 9.44413331571493e-08 7.40607356055706e-08 0 5.38280073405122e-08 1.22808501995332e-07 5.39824319738014e-06 2.24213264772342e-05 9.08995121270593e-05 0.00019713194658602 0.000301693975777133 0.000205817460912614 0.000102588795075052 0.000151846855804182 0.00023112002003752 0.000261734813323099 0.000160894066016257 6.50156885065897e-05 7.59325697644791e-05 0.000106072477944204 7.30136260031348e-05 2.92707271730057e-05 1.15942964273318e-05 1.1941088357658e-05 1.43907032836265e-05 6.23795669219205e-06 1.41540868138231e-06 4.83247043793014e-07 2.80219828572204e-06 2.31218878066122e-05 8.05281549296279e-05 0.000123592458604613 9.32681411046241e-05 8.16744416550623e-05 2.74821780486904e-05 1.18490550608798e-05 5.7394213946261e-05 0.000156908288520925 0.000108180597371326 6.20228126340185e-05 6.8771153654623e-05 0.000102900683829266 8.07903259595436e-05 2.88068149097211e-05 4.78981667894097e-06 2.6616330711125e-06 1.24761993004144e-05 3.19037064753097e-05 6.5984770623194e-05 0.000107320308632544 5.54812811042315e-05 8.71914717871472e-06 6.89994892697582e-07 0 0 0 0
0 0 0 0 7.10292005911537e-08 7.35085515409694e-07 2.34243762564244e-06 2.05382495086257e-06 1.33442145241017e-06 1.65754253894563e-06 1.48998026197172e-06 1.84479895888476e-05 6.28140419412811e-05 0.00011058375233936 0.000170265942728263 0.00022783768165832 0.000173387914810774 0.000125938534674722 0.000114193387273441 0.000181229397565441 0.000209384098546092 0.000135873317651711 6.28628208924251e-05 9.66431349040819e-05 0.000118573069514158 4.14833165501273e-05 1.05622988142303e-05 9.1935312330231e-06 2.64570992309923e-05 3.51741351014314e-05 1.07637587881818e-05 9.70484688400971e-07 0 5.88533177216857e-07 5.74979930833445e-06 2.43468861907241e-05 5.71362822967029e-05 7.40427523487402e-05 5.13553917155527e-05 4.23656515568842e-05 4.05134036937868e-05 6.10065161881947e-05 0.000138241097263088 0.000109794482534793 0.000115248210671513 0.000189610436465511 0.000234048664454797 0.000142025530268468 3.16120870255992e-05 1.0502810584806e-05 1.41516514052917e-05 3.45338545569883e-05 7.51842632520143e-05 7.28320032000129e-05 6.81392922662503e-05 2.88837384290562e-05 1.3000042171346e-05 2.52824253278362e-06 1.58521972402301e-07 0 0 0
0 0 0 0 7.13028246186328e-07 6.77610234955627e-06 2.13444456353163e-05 1.98206994585112e-05 1.21851675152481e-05 2.00015231868645e-05 8.60730092549384e-06 2.66416258979004e-05 5.76350465133575e-05 9.26784500024093e-05 0.000131265133554779 0.000168892949736537 0.000213645160093184 0.000241394728303496 0.000206804156201741 0.000154886379761848 0.000141000538995092 0.000122253470062715 0.000115481816175434 0.000138808309963653 0.000138070121339634 8.02025124036382e-05 3.6773867887062e-05 2.97207869443222e-05 5.65165653546972e-05 5.44804669648805e-05 1.45545480701303e-05 1.26789591678487e-06 0 8.37484257815344e-07 8.37566516881707e-06 3.43449972401103e-05 7.4732623957612e-05 0.000120298765540589 9.01317819509879e-05 0.00015575295679065 0.000131864547664668 9.63761433485224e-05 0.00014527837924968 0.00012030316883372 0.000117223955633234 0.000169826835310419 0.000324661820967335 0.000243313476323678 7.77021646117651e-05 3.0946712925718e-05 3.22268381556394e-05 4.17519658598688e-05 7.23794325830364e-05 7.75839537000725e-05 5.78953511728346e-05 4.63705397914381e-05 3.2978180779696e-05 5.15788746744153e-06 3.00675164760359e-07 0 0 0
0 2.19055393137384e-07 7.54882522953242e-07 1.02239660868452e-06 3.74436052332031e-06 2.90128327763505e-05 0.000128605604108531 4.55980524196579e-05 3.67355383751999e-05 6.27954676438621e-05 2.4908408510361e-05 3.94008755490205e-05 5.04981502642339e-05 4.11447509920986e-05 0.000106390319712313 0.000192611291909898 0.000246745809791382 0.000326618194419513 0.000290583491182528 0.00021817941952947 0.000144810900020936 0.000167294934309734 0.000146549314188439 9.17535423781424e-05 9.8747909020517e-05 0.000136022075943836 0.000105358473904791 8.53155105886666e-05 9.05835181029379e-05 6.57970234428244e-05 1.65075454779775e-05 1.35319621701326e-06 4.83418698184963e-08 1.35368609268727e-06 1.57833006155386e-05 4.40650507591109e-05 9.39927100673187e-05 0.000121032014429675 9.16517078425937e-05 0.000125643104253038 0.000101474486241524 0.000105729177542209 0.000105711713381298 9.87646951785936e-05 8.05765464505811e-05 8.61291214400314e-05 0.000139270469477853 0.000144927143979352 8.0465249677679e-05 5.16807250424478e-05 3.19468900404282e-05 1.50862336084589e-05 3.05432882009798e-05 4.95271943266104e-05 3.54461408977301e-05 3.03773674964582e-05 1.31632536584994e-05 2.32029752691764e-06 1.43124998360361e-07 0 0 0
2.71964206925075e-07 2.37794616142735e-06 9.49603970627069e-06 1.16400318163036e-05 1.65038462647129e-05 5.24585619310939e-05 0.000138434961370125 4.58008572234065e-05 1.85980852601891e-05 2.86893434681523e-05 4.57178987337908e-05 7.21301287058053e-05 4.83480207384373e-05 4.21744771094417e-05 9.105662997061e-05 0.000169831395065742 0.000248810067650551 0.000174079760823503 0.000207511439817459 0.000166341528214697 0.000117244824709475 0.000148313090132282 0.000105621047266059 7.22740813734477e-05 8.83174091143363e-05 0.000189758479501899 0.000254428237551544 0.000154632404370585 0.000121013894617672 5.02688325694442e-05 9.96289215492186e-06 7.91395897588005e-07 1.61555260922502e-07 1.77388614887712e-06 8.88624973158296e-06 3.59070822420031e-05 8.80146771236709e-05 0.000132821023398908 6.1979215561677e-05 8.72749238777272e-05 8.47641899765071e-05 7.30568542717369e-05 4.44828830440712e-05 5.21772131067312e-05 4.85208630323301e-05 2.5461506085992e-05 2.05096583712604e-05 2.26442888267778e-05 2.65822596717333e-05 3.93264516994744e-05 1.86554305163703e-05 5.84216229330396e-06 2.23425477633313e-05 7.14791267758885e-05 1.41772366990489e-05 4.36311587476817e-06 1.62534043112962e-06 2.98414029965626e-07 0 0 0 0
1.59619073305042e-06 1.0034899222388e-05 2.84996889391508e-05 5.40172643693974e-05 7.02660530460161e-05 6.51063173689262e-05 5.44032603234828e-05 2.13354136689921e-05 4.89093875272043e-06 9.90216899176421e-06 3.33721414044355e-05 5.70674463826017e-05 2.68482118713001e-05 2.83164623985562e-05 5.47072440116879e-05 0.000124875754056577 0.000163232356229646 0.000145265564251059 0.000153669953270709 0.000105987720139375 0.000102374412069061 9.88950132837503e-05 4.76086511973942e-05 5.1594123218922e-05 7.18742012624268e-05 0.000130190730030908 0.00020319791128183 0.000166733160533002 0.000122517466484876 4.14767414127537e-05 4.80555090817007e-06 3.15468001489975e-07 1.234934082579e-06 1.1743935750612e-05 4.09226864375165e-05 4.75822277133202e-05 8.53521897969273e-05 9.21568572068168e-05 5.18071353180833e-05 5.66077083070945e-05 5.76918981685744e-05 3.60592566253302e-05 1.13234873805408e-05 1.20206521764909e-05 9.59549191867469e-06 4.024820400286e-06 1.4966255977843e-06 1.56167836317389e-06 3.15228034587211e-06 5.21945208054494e-06 3.57041018839493e-06 7.43042304746607e-06 3.64566705941748e-05 7.78507738922783e-05 2.20365896712691e-05 2.45932116983631e-06 1.68470083653064e-07 0 0 0 0 2.45793867968263e-07
3.95146896868406e-06 2.95632835332258e-05 3.88537160861223e-05 6.54899254119314e-05 0.000111399359946323 5.80806620133502e-05 1.91084220911503e-05 5.75885269507784e-06 8.40443558577795e-06 2.26898509897507e-05 4.27491441158903e-05 3.87598722982599e-05 3.02416235059844e-05 5.80976530623931e-05 7.25444927454995e-05 8.78687426015907e-05 0.000152449056431213 0.000143366485763643 0.000139093011549283 0.000118257217051068 0.000113530307952383 9.67369377137511e-05 4.16292138193045e-05 5.59534541987488e-05 5.36502301429219e-05 4.86715957283124e-05 9.84054579847089e-05 0.00012368824326872 5.86926079997971e-05 1.47498929800599e-05 1.57502689321397e-06 2.69401178097163e-07 3.81331122292871e-06 3.17421331845642e-05 9.6470743370315e-05 8.28702225873778e-05 6.28692805457995e-05 5.67311271746219e-05 4.56369444503547e-05 5.29268420972513e-05 4.72618676489711e-05 3.64286750375956e-05 6.99756107880393e-06 1.28293654352688e-06 8.28273652179908e-07 3.12788324509649e-07 0 0 0 2.35524916090703e-07 3.52085032327242e-06 2.24252827355292e-05 6.57629891906744e-05 8.30482840129761e-05 3.63143198013599e-05 5.35245798265069e-06 3.4639591450538e-07 0 0 0 0 9.78913739773706e-07
3.50629165596255e-06 1.7956184214467e-05 3.2953716798318e-05 2.32921913151678e-05 2.70328335331108e-05 2.94973924611041e-05 3.18453311763615e-05 1.51251256391557e-05 2.79194880139667e-05 5.82907832872413e-05 0.000114838793817332 9.65906455638024e-05 7.4304297529886e-05 6.24813809683725e-05 9.05364602359108e-05 6.94151073352986e-05 8.24005007338756e-05 0.000132734700972155 0.000189413353707658 0.000180889695793872 0.000163228243509159 0.000110452055876793 8.63023027353411e-05 7.41280465953718e-05 3.47710139878524e-05 3.2009944303989e-05 7.0339143241636e-05 4.76514771346442e-05 1.24834589598799e-05 2.211559562788e-06 2.02095819887075e-07 6.86366052495038e-07 8.39546881203396e-06 6.14955350454334e-05 5.63007257602007e-05 7.27696194887055e-05 4.84429634869372e-05 4.9487955843916e-05 5.10774627076823e-05 4.36971038365127e-05 2.71055288479592e-05 1.37054435841419e-05 2.96745356026444e-06 2.22492831999024e-07 0 0 0 0 0 1.12612580359501e-06 1.31437033350226e-05 9.37211587564361e-05 0.000121319882512057 7.76123255109716e-05 3.58734950246887e-05 7.8593678733813e-06 5.12631435160905e-07 0 0 0 0 1.49444932975914e-06
1.32145755859322e-06 5.01546449712719e-06 9.63413994285709e-06 1.82070638894936e-05 2.12322007760337e-05 4.09314557708747e-05 9.98941435918872e-05 7.29501843093832e-05 7.23551213385606e-05 6.84552788397911e-05 0.000112278148476718 0.000104118019291238 0.000107929609662881 6.03067204059727e-05 6.57716691170656e-05 5.63882179281074e-05 3.5565584880511e-05 6.56076818382079e-05 0.000146961852835888 0.000133614927464604 0.000139719039133051 0.000133548051053199 0.000104743279465205 6.61459192308457e-05 2.96819209906574e-05 3.87943386840843e-05 6.78915604615244e-05 2.16448251051593e-05 2.68038338849802e-06 1.97352957814771e-07 0 1.40070775454923e-06 1.63928735920666e-05 4.67234812447215e-05 3.81536520829989e-05 4.51367720739679e-05 2.60359458497324e-05 3.58202904286722e-05 3.05855963228786e-05 1.06022022612427e-05 4.22958610371446e-06 1.47915980705919e-06 3.17831203418069e-07 0 0 0 0 0 1.37247057796972e-07 2.8499744352844e-06 2.31679864113878e-05 7.05274566661307e-05 0.000119094967783555 7.86729529113253e-05 1.91307328547368e-05 3.71730513687974e-06 3.26418201278616e-07 0 0 0 0 1.14456342942626e-06
6.40371930470671e-07 6.47472741229675e-07 5.63886854520396e-06 3.49895395166527e-05 6.4886011151364e-05 9.29008572836987e-05 0.000186223938969617 0.000212940156355127 0.000108403198367711 4.03879433671769e-05 4.7252949304001e-05 8.37314948027975e-05 6.27660453010993e-05 5.24106323461375e-05 4.48780245858348e-05 2.69506201015544e-05 1.86775084493133e-05 3.6059141141331e-05 6.10862001476396e-05 6.02244883479649e-05 6.30326568770485e-05 5.71572631316535e-05 4.74333315854541e-05 5.0834637110277e-05 7.62004628402904e-05 4.43447530051625e-05 3.50519083267989e-05 7.27208330869808e-06 6.06808287258909e-07 0 0 1.70035043182082e-06 1.76161788317387e-05 6.43767341654922e-05 5.76301254048757e-05 7.3510475420577e-05 2.7025099830455e-05 7.87095725149411e-06 5.05616748456946e-06 1.50428735577125e-06 2.99061124531683e-07 6.25146130607479e-08 0 0 0 0 0 0 5.78790961014559e-07 8.21876432342616e-06 4.63543236027769e-05 0.000103965379246624 8.61668139272527e-05 5.8170001925244e-05 2.3253587994469e-05 8.99140070681823e-06 1.50941254031216e-06 0 0 0 0 9.70240216225254e-07
1.43792503442708e-06 8.237578436408e-07 7.76613736143396e-06 5.26223703960174e-05 0.000113438770119214 0.00017136277249972 0.00025802713619899 0.000204275712270451 7.40898176663478e-05 3.00719458461986e-05 5.35095371042891e-05 5.70044330972342e-05 4.87944707034564e-05 6.07692002951382e-05 5.41981495650406e-05 2.53536179537113e-05 1.27958040621558e-05 2.24164128193329e-05 7.4982479177807e-05 6.8508952822385e-05 1.64137910970822e-05 8.74143372791432e-06 1.53906512929835e-05 3.00320926906053e-05 4.36665303790482e-05 4.41505424461282e-05 2.20227669816234e-05 3.11332056145802e-06 1.69140883289016e-07 0 0 2.21916334594471e-06 2.08461284534972e-05 5.74356466249401e-05 6.48911147990704e-05 4.82545904577978e-05 1.41293359850923e-05 1.45958398862701e-06 5.90816525510175e-08 0 0 0 0 0 0 0 0 0 2.54750484475428e-06 3.10102198120498e-05 0.000132195308739525 0.000169085189617005 0.000106973394698961 6.36559649989002e-05 5.60773685298856e-05 3.5582337510975e-05 6.31699291678665e-06 0 0 0 0 7.08374543698583e-07
1.06540461949783e-05 8.14124848293387e-06 1.28896422620827e-05 6.49471431651317e-05 0.00012722288065855 0.000153606995864696 0.000161143451849875 9.42074208988553e-05 4.74845543270328e-05 2.89216656095662e-05 2.38560233147886e-05 2.67962794619199e-05 3.21859009405698e-05 7.33424871799407e-05 9.16794761564648e-05 6.00588209631834e-05 2.91656330084474e-05 1.95564962827387e-05 4.26223389594833e-05 2.9365813345182e-05 5.29516534619494e-06 8.76492005342007e-07 2.23363959120677e-06 7.52999167519184e-06 1.71099081551363e-05 1.94202866309779e-05 6.10274448690812e-06 7.98445485605431e-07 0 0 0 1.59111618917448e-06 1.4252922490683e-05 3.47993187435262e-05 4.22787703365862e-05 2.92479488854869e-05 6.81462697349759e-06 1.55167025437667e-06 2.07876204410822e-07 0 0 0 0 0 0 0 0 0 5.51584781807704e-06 5.67385740299249e-05 0.000239603489519586 0.000235528677586165 0.00012006857240258 8.51003899751974e-05 6.43350556176535e-05 4.95289861912431e-05 8.57838149692109e-06 0 0 0 0 4.44549397579715e-07
8.49846675574229e-05 5.23055083792569e-05 4.73116747802371e-05 5.32841644919235e-05 9.51096415052157e-05 0.000155224323196397 0.000124707773266521 5.81113621306847e-05 3.5032819939319e-05 2.93707549427605e-05 1.77482552739154e-05 5.89848756500193e-05 5.57470135116707e-05 7.58227333053732e-05 9.30728464861135e-05 6.39555826468776e-05 1.8565945318155e-05 5.24237565438525e-06 5.34933432673696e-06 3.72233264896569e-06 7.51941988340661e-07 5.02207912839865e-08 1.55268120503092e-07 7.73834879129689e-07 1.9684557327637e-06 1.91549188363264e-06 6.07690831813245e-07 7.52200284835837e-08 0 0 0 3.7415802926058e-07 2.9112454489463e-06 9.74501017002026e-06 2.53760851794903e-05 2.41928044587652e-05 2.3060750204909e-05 1.05416346289549e-05 1.47805525848624e-06 6.46120388092422e-08 0 0 0 0 0 0 0 0 8.39894730184844e-06 5.59238791190838e-05 0.000118520267249494 0.000154477849526758 0.000124844677684923 6.50941952743009e-05 6.32912814306018e-05 2.77349650723488e-05 4.05452726209519e-06 0 0 0 0 2.14315834349835e-07
0.000103279359587919 0.000146458879041198 8.82623791260745e-05 9.3803115142962e-05 8.81639420552763e-05 0.000153919920249612 0.000230871543174735 0.000126328140435105 6.18627108329402e-05 3.35253327920136e-05 2.31765434031992e-05 5.38311227891457e-05 6.30040019440869e-05 5.37395179007515e-05 7.28899612664478e-05 4.94740977640125e-05 1.04216262646941e-05 1.06556515622655e-06 2.78312450836499e-07 1.64371041965891e-07 3.4447570198045e-08 0 0 0 0 0 0 0 0 0 0 0 2.80508916919989e-07 2.22393753829049e-06 1.18429902882769e-05 4.08572479881658e-05 5.4269261631513e-05 2.8486981973949e-05 3.39093431663708e-06 1.37400769677454e-07 0 0 0 0 0 0 0 0 8.72062332499476e-06 3.25127504606155e-05 4.93932068105115e-05 5.75245842054818e-05 7.16992020254523e-05 5.68034648616019e-05 2.56028734021685e-05 8.79960320457363e-06 1.15996424517381e-06 0 0 0 0 3.34359974494212e-08
3.99299301010771e-05 3.47463115878954e-05 7.47774019469775e-05 9.82961058133416e-05 8.72836410570213e-05 0.000132892221147057 0.000154132276697682 8.28395932505589e-05 3.64419631480837e-05 1.49371344522717e-05 8.3277039188931e-06 2.28970274216624e-05 4.88029755412036e-05 3.01947314143756e-05 3.25780920524184e-05 2.8144456432335e-05 6.38251145987864e-06 4.57584886819556e-07 0 0 0 0 0 0 0 0 0 0 0 0 0 0 0 5.80436025926487e-07 5.04369940360793e-06 2.39116586627236e-05 4.21608090193434e-05 2.03055236388759e-05 2.44107376664083e-06 9.50353932681825e-08 0 0 0 0 0 0 0 0 1.8748067077346e-06 5.33979478960986e-06 6.1122197627776e-06 1.08428737095339e-05 2.98758111747262e-05 3.5274550301377e-05 7.82716646405722e-06 1.24751182677364e-06 1.3271125492635e-07 0 0 0 0 0
8.85645579111308e-06 8.7900143073501e-06 2.55527030550987e-05 3.71214523728988e-05 4.82684932411849e-05 5.54189495469882e-05 4.37291823112569e-05 2.82483678172241e-05 9.8580978762325e-06 2.88620451323364e-06 2.19583837207493e-06 1.32563048908512e-05 6.39638006372719e-05 7.22066610696593e-05 7.56505652890241e-05 5.32705858087923e-05 1.02773169005058e-05 8.61685780850388e-07 0 0 0 0 0 0 0 0 0 0 0 0 0 0 9.67745581398882e-08 1.57868571036187e-06 9.36207826720386e-06 3.05907763390361e-05 3.84179875065769e-05 1.15359341668997e-05 1.00900058119316e-06 0 0 0 0 0 0 0 0 0 1.2117219006041e-07 3.15488432378945e-07 4.18895331471121e-07 2.24399776087655e-06 1.11352475305295e-05 9.50203649232569e-06 1.93174951614842e-06 1.53668894124111e-07 0 0 0 0 0 0
5.51390635975589e-07 9.66843799212623e-07 3.03516466952664e-06 4.76248701800231e-06 6.56727747668835e-06 7.04688392233132e-06 1.2250257649956e-05 2.64842342455129e-05 2.20957305173732e-05 9.064206849053e-06 5.90303912468635e-06 2.46695782867988e-05 7.23396986367325e-05 9.25338267825135e-05 0.000107372082717087 7.87819027513405e-05 2.18919310611154e-05 2.80592613715575e-06 1.74926142704361e-07 0 0 0 0 0 0 0 0 0 0 0 0 0 2.61547363933122e-07 4.20506531165946e-06 5.19401468081245e-05 2.44808439045006e-05 1.27062583279731e-05 3.6266243533098e-06 3.17863188527726e-07 0 0 0 0 0 0 0 0 0 0 0 0 2.44472699585329e-07 9.8722823846982e-07 9.15937416270862e-07 2.09527119192668e-07 0 0 0 0 0 0 0
0 3.75898380113377e-08 1.24725178404864e-07 2.214989216375e-07 5.0136918410226e-07 2.60032294190249e-06 2.30614822244523e-05 9.88459437599631e-05 0.000130770847137061 4.48023080605558e-05 1.30304973508435e-05 4.07429709830264e-05 5.99988810423106e-05 3.05964127032549e-05 2.77057643843587e-05 3.15069593334282e-05 2.92387232040673e-05 5.38644659999457e-06 4.30761428803785e-07 0 0 0 0 0 0 0 0 0 0 0 0 0 2.14182858948543e-07 2.92602623669011e-06 1.3149270781371e-05 7.92310013977605e-06 2.0096567449525e-06 3.948117080532e-07 0 0 0 0 0 0 0 0 0 0 0 0 0 0 0 0 0 0 0 0 0 0 0 0
0 0 0 9.28975422992036e-08 1.47280550955104e-06 9.61900222573673e-06 3.84820811261304e-05 0.000133053317600645 0.000179871067316323 6.26291408826981e-05 9.48862824122555e-06 9.00450255279148e-06 1.12162530367072e-05 4.93285851310584e-06 2.91725410936412e-06 5.36660896350372e-06 1.02130938271145e-05 3.73110454346103e-06 3.22671868912576e-07 0 0 0 0 0 0 0 0 0 0 0 0 0 5.24974202304513e-08 6.312261099618e-07 2.16080411231091e-06 1.34417123560838e-06 2.12074533815548e-07 0 0 0 0 0 0 0 0 0 0 0 0 0 0 0 0 0 0 0 0 0 0 0 0 0
0 0 0 4.73776890197692e-07 6.71730609280455e-06 3.66635769425399e-05 7.88602232545369e-05 0.000134932026200719 0.000132644459540009 4.98923510067764e-05 5.93905104032259e-06 6.84569414834166e-07 7.64947908088772e-07 3.07268492027939e-07 1.45448706390546e-07 4.93921630307365e-07 1.0349873913952e-06 5.2040530110272e-07 5.99664490142341e-08 0 0 0 0 0 0 0 0 0 0 0 0 0 0 3.9578233535037e-08 1.10447392162588e-07 7.09235682385629e-08 0 0 0 0 0 0 0 0 0 0 0 0 0 0 0 0 0 0 0 0 0 0 0 0 0 0
0 0 5.61510205167445e-08 1.22259149733433e-06 1.49062760100995e-05 7.95904919113854e-05 0.000124632991789107 0.000115441247764103 7.71519243337916e-05 2.45649590967534e-05 2.93733505387747e-06 0 0 0 0 0 3.94365015187612e-08 0 0 0 0 0 0 0 0 0 0 0 0 0 0 0 0 0 0 0 0 0 0 0 0 0 0 0 0 0 0 8.85519766162689e-08 1.02502352042025e-07 0 0 0 0 0 0 0 0 0 0 0 0 0
0 6.54446339145816e-08 7.98946420735006e-07 3.81034402920745e-06 1.90077051426906e-05 5.71036413031238e-05 6.78524821663127e-05 6.85259624978794e-05 4.35228496575975e-05 9.42595209462989e-06 7.87235330403278e-07 0 0 0 0 0 0 0 0 0 0 0 0 0 0 0 0 0 0 0 0 0 0 0 0 0 0 0 0 0 0 0 0 0 0 0 4.06887003719085e-07 2.06996081295178e-06 2.50599905725309e-06 6.70002074582819e-07 7.99594490279382e-08 0 0 0 0 0 0 0 0 0 0 0
0 6.1349320428089e-07 7.14665231874924e-06 2.68108174073025e-05 4.02200743358301e-05 3.38192060423536e-05 1.43230426986139e-05 1.25085106058022e-05 7.3657110297233e-06 1.70369457835397e-06 1.30212341836903e-07 0 0 0 0 0 0 0 0 0 0 0 0 0 0 0 0 0 0 0 0 0 0 0 0 0 0 0 0 0 0 0 0 0 0 1.72035593920565e-07 2.90635856656905e-06 1.61409359345958e-05 2.32056714480285e-05 6.06735376342884e-06 1.55832769738272e-06 4.2026746066116e-07 5.30233882921856e-08 0 0 0 0 0 0 0 0 0
4.40665666030156e-07 3.33755067385572e-06 2.11146213010463e-05 8.88085513870441e-05 0.000124891422627565 3.86712401915224e-05 5.24727813641562e-06 9.61613084182528e-07 4.96860069444154e-07 1.20558375724464e-07 0 0 0 0 0 0 0 0 0 0 0 0 0 0 0 0 0 0 0 0 0 0 0 0 0 0 0 0 0 0 0 0 0 0 0 4.53260144927303e-07 8.20013228400756e-06 4.98915984981365e-05 6.47623762169994e-05 3.3971548063744e-05 1.74913071009957e-05 6.6850138795295e-06 8.18364496406193e-07 3.26288645577402e-08 0 0 0 0 0 0 0 0
3.73152876089356e-06 1.8821213385151e-05 4.6736385650309e-05 0.000100368499706518 0.000136068150334225 5.06771690894385e-05 8.6352536412346e-06 1.06289731286368e-05 5.52033399891676e-06 1.99460890046055e-06 7.56170274318062e-06 1.64298862138088e-05 9.03008970919388e-06 1.42167147644756e-06 0 0 0 0 0 0 0 0 0 0 0 0 0 0 0 0 0 0 0 0 0 0 0 0 0 0 0 0 0 0 0 4.50488208804475e-07 8.62528569572339e-06 5.56853562319712e-05 0.000103089176067695 8.96676480329307e-05 9.15895401981235e-05 3.56551073316293e-05 3.82934929614764e-06 1.55834742977976e-07 0 0 0 0 0 0 0 0
1.35348150440079e-05 4.90596443173512e-05 6.5343335238759e-05 9.59179400926174e-05 0.000105772092886426 2.93197892462123e-05 2.19157040011434e-05 6.35352208898058e-05 2.78544556212584e-05 1.43567491252178e-05 4.21268194706769e-05 0.000132691293889618 5.28634227552415e-05 6.9015482406663e-06 0 0 0 0 0 0 0 0 0 0 0 0 0 0 0 0 0 0 0 0 0 0 0 0 0 0 0 0 0 0 0 4.21151285784035e-07 7.81972054007683e-06 5.62726705989768e-05 0.000113972522262334 0.000103081636080135 0.000118964627326657 5.38075752291807e-05 6.88544287939139e-06 3.21308179833365e-07 0 0 0 0 0 0 0 0
2.79681514811116e-05 6.75552785064475e-05 5.27453645804509e-05 8.26771258901422e-05 6.46956860701092e-05 2.18751560789097e-05 6.38510659023153e-05 0.000117914296628683 8.90898853102456e-05 5.4548051181442e-05 8.88611226837101e-05 0.000186253383664122 0.000106712609477036 1.51281142532962e-05 0 0 0 0 0 0 0 0 0 0 0 0 0 0 0 0 0 0 0 0 0 0 0 0 0 5.89687260509221e-08 3.25595203161365e-07 4.90592384935395e-07 1.9270110342026e-07 3.5993278270821e-08 1.46844336923667e-07 1.4792748253971e-06 1.06391236133726e-05 5.45814297824998e-05 0.000104538708873856 6.92628174679723e-05 8.9223250702865e-05 5.38861267003754e-05 6.6582118128291e-06 3.2811038529203e-07 0 0 0 0 0 0 0 0
