simulations/projFolders/pop1000/sim1/UDs_popWinter/averageUD_winter.asc
NCOLS 322
NROWS 330
XLLCORNER -967738.61525439
YLLCORNER 1740623.17832879
CELLSIZE 500
NODATA_VALUE -9999
[rows 115 to 137 of 330, columns 104 to 155 of 322]
8.82329344603281e-05 7.85740911830433e-05 5.50106875507298e-05 4.86035607674666e-05 7.93426334726499e-05 0.000110521152597238 7.23214819907541e-05 4.44626100287689e-05 2.26826835386131e-05 1.17017040009783e-05 2.25594639740764e-05 3.42501364591602e-05 2.91239581953915e-05 2.27346681020744e-05 1.46367456739735e-05 1.50193739657554e-05 1.41687942645323e-05 2.56441142367557e-05 2.12165843660254e-05 7.53024872267667e-06 6.88264658560577e-06 1.5994787679198e-06 5.51286677272932e-07 2.95628909903963e-06 3.46942082921309e-06 2.22499808259701e-06 3.44013236406079e-06 2.84427707036404e-06 3.59077961124598e-06 8.51749256112138e-06 1.75069756776894e-05 3.36951985899418e-05 4.87425923266724e-05 5.08588068102982e-05 2.34711114278296e-05 1.57888345394204e-05 4.27219644118106e-06 8.71970970039157e-06 8.30520968746642e-06 1.89925115524061e-05 3.18062528915166e-05 1.95786394146433e-05 1.94989070263985e-05 1.98472030427955e-05 3.0892223114618e-05 5.33332824618677e-05 4.68631274920553e-05 1.57840307775813e-05 1.8939390775404e-05 1.24961733797353e-05 1.84692814915578e-05 2.71485876247015e-05
6.58504292259798e-05 5.36857210010759e-05 4.36825603174323e-05 4.53788861557171e-05 9.44950431428768e-05 0.000119394004325161 9.45663675509193e-05 6.84958696251883e-05 3.02666686425136e-05 1.21522545794382e-05 1.62143502357563e-05 3.48553471209481e-05 3.66877987920064e-05 2.01983861591733e-05 1.13547658528948e-05 9.07183624653732e-06 6.39913277594533e-06 1.21260127032576e-05 8.39145574579697e-06 2.16089817659521e-06 1.09741848409622e-06 6.27927016362831e-07 1.44730717851087e-06 2.55725928539886e-06 2.26619048006543e-06 2.4001128036278e-06 8.75497143570582e-06 6.49542966749947e-06 4.9200123167828e-06 1.35411135829904e-05 2.55590937989331e-05 3.2237503672266e-05 4.94274049915446e-05 4.81745563367668e-05 2.63309515969048e-05 1.49920871456463e-05 4.87453583547186e-06 6.4544323821104e-06 1.40853784955055e-05 1.91326551107659e-05 2.63900309757383e-05 2.81571671320045e-05 5.00415228224346e-05 4.96453307486783e-05 4.63113821966221e-05 7.66894817225248e-05 8.12774672969639e-05 4.08961810103854e-05 4.6442784361298e-05 2.35682763120231e-05 2.68210284367474e-05 3.33904251400945e-05
6.55159801136199e-05 5.22703751835061e-05 4.52170073911145e-05 4.21016886760583e-05 6.21527731315645e-05 8.92844796032813e-05 9.23409610833734e-05 5.98666891356473e-05 3.53676639438689e-05 2.36752983143447e-05 3.04691288569757e-05 5.67883290256359e-05 4.25565242696833e-05 3.08773051896203e-05 2.35024616083311e-05 1.28759145715364e-05 6.97676977027112e-06 9.82009991840757e-06 6.98941014591299e-06 8.86100868082028e-07 3.2241974253454e-07 1.52968906306466e-06 5.71386190036649e-06 1.21738919968107e-05 1.31582245208876e-05 6.11933553489995e-06 1.33081302024729e-05 1.94071549890077e-05 1.51553498555945e-05 1.96014791694593e-05 3.24672013467408e-05 3.79141792592181e-05 5.02536743796066e-05 4.98355925000601e-05 1.69826075406551e-05 1.40671171224655e-05 9.62447095502913e-06 1.19043681750842e-05 1.66158582987677e-05 2.39149443765599e-05 2.96044535885881e-05 3.86407114501359e-05 5.36435618907752e-05 5.48210479228277e-05 4.28881384361266e-05 6.56284689794536e-05 8.85543003531619e-05 6.91721588258591e-05 5.8140639206076e-05 4.09725420109106e-05 2.88674291175465e-05 2.59262733118499e-05
5.03070652401553e-05 5.75119517648311e-05 7.52528384203222e-05 7.42065012332053e-05 5.69289289320572e-05 5.99652454157671e-05 7.20823779582772e-05 6.35013058676425e-05 4.97024394489442e-05 3.98831181162089e-05 4.08167727223965e-05 5.46489544122285e-05 5.43702542691758e-05 2.97562330911932e-05 1.99342984673139e-05 2.47210860211426e-05 2.00585648384243e-05 1.15384124200303e-05 3.12657793932021e-06 6.60266668892048e-07 1.90087535852741e-06 5.61225321050891e-06 6.45540840816843e-06 9.72956418829905e-06 2.02050078626777e-05 1.38569446257643e-05 9.47520136676221e-06 1.45951509451529e-05 1.9085453820047e-05 2.82356217456771e-05 2.64254677996965e-05 3.95576134258541e-05 4.05407287113262e-05 2.44595240761052e-05 7.46777746702696e-06 9.75892972039439e-06 2.53048054832022e-05 2.11515333468444e-05 1.30490809657414e-05 1.76717098773052e-05 3.70625369189375e-05 3.07671334543518e-05 3.0116759235638e-05 3.53573411644535e-05 2.68640126988491e-05 4.16711494257557e-05 7.57874250286435e-05 7.92754664885797e-05 6.22780509189907e-05 3.74766774413489e-05 3.2380402082801e-05 2.86589767736403e-05
4.56111803575295e-05 5.91260529956619e-05 6.48431256306038e-05 6.19403161005881e-05 4.92322221316793e-05 4.50442582294229e-05 6.88069686179614e-05 6.94406553987859e-05 5.23753575893896e-05 5.74302077198255e-05 4.05142530731794e-05 5.74943199658514e-05 3.85630316968452e-05 3.01426034370793e-05 1.94329135087722e-05 5.02549782312108e-05 3.08398622968366e-05 9.37678944164147e-06 1.27853057326057e-06 1.72726192948665e-06 1.02782594023009e-05 2.14678533339699e-05 1.66744478019271e-05 1.41317648789717e-05 1.55340544853702e-05 1.43739581084281e-05 3.30214272198511e-06 3.53640946501022e-06 8.72935727094041e-06 1.83286946236526e-05 2.48990580398319e-05 2.236251532661e-05 1.42610408342101e-05 5.08566573177964e-06 2.01304838959306e-06 8.13421979411792e-06 2.36112177332863e-05 2.03983876820388e-05 1.12905716504824e-05 2.31750290802471e-05 2.80101671768516e-05 2.6352167125151e-05 1.94774065134445e-05 1.43328579118945e-05 1.34044848360267e-05 3.4777361893853e-05 7.93957337605553e-05 8.72743129585642e-05 5.10191768323301e-05 3.87034714157837e-05 3.9055861526218e-05 2.90936808984958e-05
5.52140809504115e-05 6.13155513900268e-05 4.52964007779422e-05 4.12797443500321e-05 3.94746474856308e-05 3.64786237417824e-05 5.72656989002727e-05 4.96662259019589e-05 2.81199272675421e-05 2.09455788100829e-05 2.37527955284108e-05 3.03829945573541e-05 3.59779000222685e-05 2.80900839669661e-05 2.28433702103203e-05 4.75274920384826e-05 3.50333414913791e-05 1.18146734292604e-05 2.27010971828941e-06 3.8826277007436e-06 2.4140980090672e-05 3.69821600554712e-05 3.77445220884737e-05 3.42806503119898e-05 1.70607194276203e-05 6.01037870992988e-06 1.6577641942586e-06 5.75216545162425e-07 1.98871851865784e-06 8.12804885073954e-06 1.22790485600157e-05 6.35534338547802e-06 2.07168888266337e-06 7.97604909034559e-07 1.85748981281145e-06 7.03802192467085e-06 1.75105538190205e-05 2.17095781081713e-05 2.80304010911043e-05 3.57128865957701e-05 4.00513000719954e-05 3.34980413262186e-05 3.14450263924958e-05 1.2549809178121e-05 1.17928851376309e-05 3.43613438251315e-05 0.000100299216790273 0.000100344642980165 5.31255267472472e-05 4.0070481591739e-05 3.36594544295339e-05 1.64857003810513e-05
4.66846153062728e-05 4.03775647215709e-05 3.85268628533434e-05 2.98854298840128e-05 2.44412254501622e-05 2.23384145610281e-05 3.7562392645812e-05 2.66387723342157e-05 1.1120583860224e-05 1.24235600212497e-05 1.9265549254206e-05 4.37039658354837e-05 4.22739870776239e-05 2.9217045749354e-05 3.53844538272412e-05 5.30066043050691e-05 3.94114963645017e-05 2.44374293793487e-05 8.9342072591286e-06 8.3081461475437e-06 1.65755767347771e-05 2.9219396407532e-05 4.43861670718571e-05 5.37628382355316e-05 2.32439748904345e-05 2.00028270449879e-05 5.06306951781677e-06 8.37650033506563e-07 3.76176001674575e-07 3.43120912964424e-06 6.77742762378829e-06 2.68300669223326e-06 8.85732530003828e-07 2.62186140709894e-06 9.81034617708524e-06 2.26064920387964e-05 2.17131562495024e-05 1.9000653174352e-05 3.33308242206193e-05 7.1999825525277e-05 6.72283396013467e-05 4.6066246919153e-05 3.83951850171855e-05 3.36644612196942e-05 3.21026779658064e-05 4.25322353769414e-05 7.17859268069553e-05 8.08867290482035e-05 5.51971197036854e-05 5.15188090417868e-05 2.32935398778473e-05 1.2467503545603e-05
2.83483359915739e-05 2.73701883807139e-05 2.76905652089737e-05 1.92156322268601e-05 9.34793613696209e-06 5.95813617011548e-06 9.46543738089156e-06 5.50261838270462e-06 4.71364054750794e-06 1.18935117478337e-05 2.64733433679593e-05 4.48862314149883e-05 3.83054614003619e-05 4.04526218704919e-05 4.37742732392749e-05 5.2991881957812e-05 4.73205223601149e-05 3.2427467400424e-05 2.75637544645899e-05 4.08078543774235e-05 2.80230920715399e-05 3.30210365300311e-05 6.09261654216446e-05 6.26793354645843e-05 2.66941040710096e-05 9.31672192955645e-06 7.94430356341122e-06 2.89543368805662e-06 1.94351526410718e-06 7.45101040105765e-06 1.57087128583395e-05 1.07406284642308e-05 5.49693684933912e-06 1.09528768789505e-05 2.61272676245798e-05 3.90652492577686e-05 2.66894008920085e-05 1.55513109613524e-05 3.57731878698213e-05 7.27853178857387e-05 8.46821814635179e-05 6.97434097412918e-05 5.67854456509454e-05 5.56549988594838e-05 5.27260750444802e-05 4.5777849845455e-05 5.16435019586362e-05 4.16059195926405e-05 2.732010930324e-05 3.7165179842514e-05 1.00154438970782e-05 1.45850423699297e-05
1.38740278757476e-05 2.41238884587854e-05 3.44849899354072e-05 2.35027968844579e-05 8.24330933255486e-06 1.33741484001474e-06 7.41852796513624e-07 4.2318939806402e-07 4.37305448504362e-06 1.30513254531458e-05 4.44641895518552e-05 4.75800633351658e-05 5.19671626302936e-05 4.72905635755397e-05 5.26532120915447e-05 6.49622604143289e-05 8.48646014788228e-05 5.94026297232448e-05 5.36066554397945e-05 5.1180046043262e-05 3.80091704365228e-05 3.51080447377218e-05 5.45252300708564e-05 5.25437295349813e-05 2.09331009502303e-05 1.39630623138661e-05 2.24622711502057e-05 1.3552652669688e-05 1.25525481978125e-05 2.10017729515808e-05 2.89864856701753e-05 2.96250134657419e-05 2.1951057013213e-05 3.44094932022311e-05 4.90688271739256e-05 5.34279905171098e-05 2.89241634261375e-05 1.71129088820479e-05 5.16723319802512e-05 8.06745141610965e-05 7.25734084724361e-05 4.99944128013281e-05 3.27696502154422e-05 4.51666004880944e-05 4.00699749522585e-05 3.47082763852794e-05 2.0135544237139e-05 1.45809445506021e-05 7.02201388659973e-06 3.58341191835942e-06 3.11985402316324e-06 9.25317033972036e-06
7.4981567437446e-06 2.1820316087565e-05 4.06707860462046e-05 3.40221337917709e-05 9.82361938641646e-06 9.59036173140077e-07 5.61048436700553e-08 0 1.44635548325509e-06 7.82175268848302e-06 2.80560385389341e-05 4.23145331372256e-05 3.31035181825157e-05 3.08535732277779e-05 5.2860639980619e-05 6.68922513612557e-05 9.27101746047928e-05 8.00202935801502e-05 5.88428936801227e-05 5.33285401673186e-05 3.60660105883931e-05 2.99757737616709e-05 5.29162585647658e-05 5.29020242305377e-05 1.79915297746655e-05 1.61976553472865e-05 3.15175391681433e-05 2.41247247864573e-05 3.05272452482672e-05 4.8240486524458e-05 4.52223196550792e-05 4.16702330043425e-05 6.06371126968543e-05 6.10528252917713e-05 4.89531569101775e-05 5.25357313367118e-05 3.14797013945881e-05 2.44765989441854e-05 4.03705052964565e-05 6.29011317983373e-05 4.5241378240243e-05 2.73226331874168e-05 1.74574498058247e-05 1.54634127367748e-05 1.96945350584544e-05 1.77231058448995e-05 4.92001371376666e-06 1.78620184276464e-06 7.33711174567684e-07 2.76079517743449e-07 7.49321072238228e-07 2.51962919677776e-06
3.48393805267315e-06 8.24266392601076e-06 1.3707689007336e-05 1.05932010320161e-05 3.49339749606195e-06 3.61429760172692e-07 1.27610364849493e-08 0 7.84871226512256e-07 6.64330040925954e-06 1.90881360290615e-05 3.08195855417455e-05 2.39445064177185e-05 2.2850608449369e-05 2.9427908356083e-05 4.14135903051433e-05 6.19958117501551e-05 7.34849497554158e-05 7.54455774897521e-05 7.60362446182171e-05 4.7644179306482e-05 3.64104509293319e-05 3.98027636044844e-05 2.80863325996362e-05 1.4011852440897e-05 1.9256180149107e-05 2.87925936233982e-05 3.56973446846475e-05 5.43189719229357e-05 8.38974639634381e-05 7.07236230256219e-05 4.91981543519056e-05 6.80177807695241e-05 6.51155263077628e-05 3.5856083029529e-05 4.87035773613831e-05 5.27433305891398e-05 3.81834357913657e-05 2.50608790624348e-05 2.92305238496516e-05 1.90150327949017e-05 1.64383780183978e-05 7.64167215548521e-06 9.0321572482524e-06 8.41575302044209e-06 4.04032412849488e-06 8.29776225008442e-07 1.46171747449784e-07 1.05630839226032e-07 2.05712203717239e-07 2.62674875513907e-07 1.38120754831872e-07
7.39891780417774e-07 9.93774621582802e-07 1.45311141362555e-06 1.07595825084355e-06 3.44328087464674e-07 3.99935124666765e-08 0 0 3.34349955609558e-07 2.9895992478991e-06 1.19815580527007e-05 2.44377758313464e-05 3.13440673001339e-05 1.73919536144531e-05 1.58727392527988e-05 2.54767276304478e-05 3.2393597061036e-05 5.3763780733977e-05 8.06542262301344e-05 7.29887187360011e-05 4.28837314177042e-05 2.23891418390138e-05 1.23222740346641e-05 1.07720037904418e-05 1.70078687341648e-05 2.93201953124111e-05 3.39333079699091e-05 7.8911952661316e-05 9.44079384051326e-05 9.98175591065031e-05 6.49054720890285e-05 4.70708720308049e-05 5.05133196627858e-05 4.25788760114704e-05 2.67941635057645e-05 4.78186868051942e-05 5.26296682568623e-05 3.37339602354908e-05 1.97701528635652e-05 1.46628580963162e-05 8.43410380044928e-06 4.28642472181239e-06 3.42370569649245e-06 7.02524883556212e-06 4.28561633381776e-06 8.69966635802062e-07 2.51208897638428e-07 5.30074699694021e-07 1.3496536992117e-06 2.99649010362754e-06 3.82338766876598e-06 1.88271410266413e-06
1.56752415906747e-06 1.25398533398001e-06 5.16797357618876e-07 1.00778954203309e-07 1.15509837977661e-08 0 0 0 6.23364030513089e-08 7.61530361943449e-07 4.01264335893675e-06 1.17449350635622e-05 2.02939417179582e-05 2.14356444740547e-05 2.30920091233145e-05 2.66981646374342e-05 2.10189726168859e-05 3.40238884035012e-05 4.8527657977648e-05 6.56980052481532e-05 5.10511621748274e-05 1.79311297804214e-05 1.39584010443809e-05 8.55882558829854e-06 1.02279512194736e-05 1.76851451367644e-05 4.02953214876654e-05 0.000103882275504546 0.000122686222175301 8.38030055026459e-05 4.82024699369685e-05 2.7303211386449e-05 4.34133186864458e-05 4.23965267766812e-05 3.67178954123227e-05 3.681366890059e-05 6.41684383047611e-05 2.82757468474752e-05 1.30058331393511e-05 6.60323817173523e-06 1.84275046891739e-06 5.83667715449051e-07 9.20721562426744e-07 2.22814409025354e-06 1.49859185305743e-06 1.52002403021754e-06 2.10242811555603e-06 3.73684847665512e-06 9.11243911681611e-06 1.30501734071212e-05 2.01759077575161e-05 9.19137522425971e-06
9.70857124614812e-06 7.17055657759728e-06 3.38101852629202e-06 4.44522214746967e-07 0 0 0 0 0 1.17868716168714e-07 8.62953660401048e-07 4.05514845557387e-06 1.62602141472582e-05 3.06992344507381e-05 3.55257913411415e-05 3.31503897850431e-05 2.47858799952931e-05 3.48219945969115e-05 3.30493375604238e-05 4.31902259516691e-05 4.4674113385429e-05 2.98235826144879e-05 3.65682616769292e-05 2.48550753999304e-05 1.70153491170828e-05 2.19938401096386e-05 5.1316577932678e-05 0.000107074424606705 9.80134308175792e-05 7.32810646174147e-05 4.66746464294358e-05 2.22283489965331e-05 2.44564581621901e-05 3.50129604281596e-05 4.80454042474308e-05 3.93543094331395e-05 4.65574972254395e-05 2.84589696628393e-05 1.53565071497749e-05 5.99186634545602e-06 1.01484393218484e-06 7.31061081630139e-08 8.97961144652469e-08 5.75402809677317e-07 3.50416032539371e-06 8.5671162218564e-06 1.14465923960916e-05 1.20543250794111e-05 1.05506526288793e-05 1.99050921913788e-05 3.09791434504925e-05 1.69226154656986e-05
1.9306086000582e-05 1.69441830338779e-05 8.2902042181467e-06 9.36065218256314e-07 0 0 0 0 6.54049153927977e-09 1.83161391729879e-07 2.01160204563492e-06 8.00019688771751e-06 1.04528889042704e-05 1.41775542846677e-05 2.54705045330052e-05 3.08345984616458e-05 2.7317695315127e-05 3.23943756467082e-05 2.25260276310081e-05 2.09842938895033e-05 2.84268688363427e-05 3.62242720961165e-05 4.5408464960682e-05 3.66352423964844e-05 3.03062386760573e-05 3.05769629725823e-05 6.03148378331877e-05 7.96052887903897e-05 8.24514701825879e-05 7.57929906123485e-05 5.89657351276941e-05 4.21260222722838e-05 3.77163961467249e-05 2.82787289423587e-05 4.22427542437667e-05 4.3923601500864e-05 4.68551963490112e-05 2.36933138182251e-05 8.22675879908411e-06 2.60451645547217e-06 3.94139264179292e-07 2.35986990407596e-08 1.80088336462356e-08 4.36696223842278e-07 3.80614888791271e-06 7.99048878120133e-06 1.48083027427698e-05 1.38532007090149e-05 9.51138883671547e-06 1.87641419439225e-05 2.87193655920135e-05 1.87380295215797e-05
2.66662388995817e-05 1.40192490047833e-05 4.40769409687813e-06 5.79118146465147e-07 0 0 0 0 3.1374802342075e-08 6.94104761235912e-07 5.36166317672121e-06 1.35427154578185e-05 8.74092336599264e-06 3.19938664271579e-06 8.3107352243007e-06 2.56689861374292e-05 2.5973390783537e-05 1.31670674287321e-05 6.21067220242251e-06 8.24132189018096e-06 2.79799569351812e-05 3.48375216068729e-05 3.38959693852538e-05 3.5616539412797e-05 2.62586716519008e-05 3.82785163756376e-05 6.84036984926391e-05 7.8968949602873e-05 8.65204483127312e-05 8.74480157945722e-05 7.24347457169697e-05 5.19415922376892e-05 3.53871844650296e-05 2.30324324182262e-05 4.07227799228916e-05 3.88550124998097e-05 3.7890989327114e-05 1.82693004577889e-05 3.18851391732025e-06 3.8983844563426e-07 5.61045053380263e-08 0 0 9.39385717928318e-08 6.08310627184616e-07 1.68263027416607e-06 4.69115748923787e-06 6.40030763937301e-06 5.76106831335949e-06 1.34162772424645e-05 2.05599758739982e-05 1.66338160606485e-05
3.01018934647045e-05 1.56141249437095e-05 5.34346466795495e-06 8.69161565644101e-07 3.60417980058946e-08 0 0 0 6.19425118099727e-08 1.31875346392898e-06 1.15274740363932e-05 1.15651832874331e-05 3.10973147810142e-06 7.37509108026337e-07 3.58887365959735e-06 1.62716470631823e-05 1.75400897831469e-05 4.77922847415308e-06 1.55602535207124e-06 5.76053699383076e-06 2.82736141187797e-05 4.31656502115742e-05 2.47958246577432e-05 2.25756894759687e-05 2.6567758987913e-05 5.07876463150288e-05 4.95228059507821e-05 4.96623814023715e-05 8.47379565098572e-05 7.48621970291096e-05 5.98340704937993e-05 4.70448210757521e-05 2.33902651777857e-05 1.60031914684487e-05 1.5992676836583e-05 1.74254961282949e-05 1.7624529075683e-05 1.37240011222277e-05 3.04004503363672e-06 3.00195708355495e-07 0 0 0 0 1.27367267829686e-07 7.62092298701814e-07 2.86986073431513e-06 1.51224331905227e-05 9.74753126340555e-06 9.90877579733489e-06 1.08542330545087e-05 1.06368213874362e-05
5.41860498398183e-05 3.57910357356383e-05 1.75545569480186e-05 3.04774614000494e-06 1.9558896016349e-07 0 0 0 4.54258879396782e-08 9.05396591256324e-07 5.61348767858136e-06 7.8585306169485e-06 2.27289111315803e-06 1.92982470584728e-06 3.57209006265234e-06 8.73414892558601e-06 1.45398788130038e-05 1.10637079906016e-05 5.74389006847355e-06 5.75134623700469e-06 1.63548160317268e-05 3.29032465761035e-05 2.84194908989079e-05 2.16973442548332e-05 3.10902949371092e-05 3.73935364124816e-05 2.67233978912667e-05 2.54228562074506e-05 4.60720173938244e-05 4.95068617083074e-05 3.75951640245622e-05 3.66956181763416e-05 1.78736820787383e-05 9.99602675272329e-06 4.58282558171526e-06 5.3374529807368e-06 1.36299887649487e-05 1.99497248944373e-05 8.32082703571756e-06 8.82436695828132e-07 3.86534338694758e-08 0 0 2.45527571637719e-08 5.16892992805741e-07 3.93532961541785e-06 8.73002968583917e-06 1.69151425333611e-05 1.59465260777282e-05 5.48945646642105e-06 2.92725581627274e-06 2.66787293322891e-06
4.10650074413934e-05 5.38508780211406e-05 2.34476681759852e-05 4.86226798885977e-06 3.87770269234686e-07 0 0 0 1.79635389911054e-08 3.9563004968653e-07 3.03152622604813e-06 5.88167691505865e-06 5.41827361940983e-06 1.21268620694455e-05 1.25584071481285e-05 1.08615905028469e-05 1.89376436142543e-05 1.98985375430998e-05 1.7206540328394e-05 1.64847541573156e-05 1.80056169599268e-05 1.7498778176389e-05 1.43822710937277e-05 1.80837474733435e-05 2.13904492521613e-05 2.52364724832689e-05 1.82137098133193e-05 1.07756117340952e-05 2.41985972930636e-05 5.09608983909106e-05 4.11252342096387e-05 2.57489271419307e-05 2.30790376624974e-05 1.57857350978926e-05 1.08087332901334e-05 1.21620967964051e-05 2.86812931251695e-05 3.37024331037002e-05 1.05005260539541e-05 1.40909908781699e-06 1.85305907476729e-07 1.78860918792835e-08 0 3.3901069394983e-08 7.35949317337097e-07 6.30107894435447e-06 1.25455902868587e-05 1.19743691737484e-05 1.23539250323572e-05 4.66461712417217e-06 5.68554387333677e-07 4.51837433427225e-07
3.50659005285822e-05 4.36014644729385e-05 2.42894869257504e-05 7.5346529471313e-06 8.21324472645207e-07 1.74583474261635e-08 0 0 0 1.23582853100278e-07 1.12783943749906e-06 2.99257016691163e-06 5.74107421466967e-06 2.46247872669434e-05 1.62237789455001e-05 7.32535635931134e-06 7.68829369790145e-06 5.99299091746468e-06 9.68766491699662e-06 1.68109517516658e-05 2.34287772288848e-05 1.70937348128849e-05 1.48034421702537e-05 1.08469855022342e-05 1.10578937437693e-05 1.46774128055099e-05 9.00301523357494e-06 6.09636353227829e-06 1.51561340292022e-05 3.22229117101693e-05 3.0066065485265e-05 1.88318956612145e-05 1.91897097943225e-05 2.16450951957607e-05 3.19003760761819e-05 3.36404740754664e-05 4.88419011154324e-05 3.86443287070151e-05 1.4862080102187e-05 6.2161535014345e-06 2.15500686281982e-06 2.5861646277271e-07 0 0 2.42089736235269e-07 1.54198158972497e-06 3.3359969960587e-06 5.96268055861756e-06 7.90654588359742e-06 1.37476960639977e-06 1.4093946081114e-07 6.53195078376503e-07
3.61457243501864e-05 3.60619276702267e-05 3.36195826474761e-05 1.43006620904954e-05 2.07562511752433e-06 1.44701931252387e-07 1.62133019303353e-08 0 0 1.51670847092076e-08 1.33583569527825e-07 4.14756999748035e-07 1.23360310660728e-06 4.71821008171954e-06 5.05782850002899e-06 1.6587469724053e-06 9.03548789060932e-07 7.85898940973174e-07 2.81537836370915e-06 9.32088587278686e-06 1.49954017226888e-05 1.95020046052811e-05 1.20395673418961e-05 1.63016095730479e-05 1.87524687467742e-05 1.93750038710922e-05 1.15860747154235e-05 1.49252712701867e-05 1.43513195192881e-05 2.28304881564704e-05 1.60793997320717e-05 8.92119295747308e-06 1.06067750585389e-05 1.7674846571736e-05 2.91480105321995e-05 4.4703718267426e-05 3.82821932371616e-05 2.65648383603195e-05 2.96282228033335e-05 2.84040123177203e-05 8.87182354780089e-06 9.2821510027618e-07 0 0 2.07989232842115e-08 1.2590302501582e-07 3.92346177185149e-07 9.18903620761395e-07 9.39534103807877e-07 2.2671873735699e-07 1.85164099062852e-08 5.91057178000791e-07
4.40869443045536e-05 4.3946240090004e-05 3.66134084700487e-05 1.98355372962278e-05 5.7381154028506e-06 1.46914599439005e-06 1.75986599031552e-07 6.88813133705965e-09 0 0 0 2.22507460384323e-08 1.11710396576793e-07 4.6277118955523e-07 5.11574151375332e-07 1.57041038593338e-07 4.88896439411244e-08 2.11433143669171e-07 2.53062276127734e-06 9.67199168939101e-06 9.41682606779498e-06 1.00717283768658e-05 1.05753019434576e-05 2.08619143779288e-05 1.95431169090082e-05 2.33890581837292e-05 2.06719543750611e-05 2.11244951898627e-05 1.48166166593921e-05 1.04416888189899e-05 1.18037275950428e-05 1.29097057485055e-05 1.31813939638951e-05 1.63841098519839e-05 1.89942158727174e-05 3.3723969006912e-05 3.53035591484236e-05 2.78142448468622e-05 3.38622331563165e-05 2.56698392289075e-05 9.00899804979328e-06 9.19316836946152e-07 0 0 0 4.8263747877362e-08 3.57081502384024e-07 6.86930201368228e-07 3.08407528740485e-07 5.30844044900102e-08 4.90669262863434e-08 7.15345435191648e-07
5.62381446268375e-05 5.64352124835935e-05 2.66385842070556e-05 1.80747471719839e-05 1.57864354524686e-05 5.32943615601584e-06 5.24105736898977e-07 1.948411590679e-08 0 0 0 0 0 1.59759365461377e-08 1.80178922134638e-08 0 0 1.13714013404467e-07 1.67417374877464e-06 8.41279979655848e-06 1.42496284073827e-05 1.44863389408432e-05 1.97735372898008e-05 1.92330609975185e-05 1.82495918094681e-05 3.15568149037535e-05 3.72885316548563e-05 2.70536038979773e-05 1.00582689030197e-05 1.81430689960464e-05 2.20843646638762e-05 1.36824073247296e-05 1.21883125955536e-05 2.07699406857653e-05 1.56548768256002e-05 4.12050932577536e-05 5.08802719329944e-05 3.8399793201284e-05 3.27193774228728e-05 2.26259641311833e-05 4.19639563118438e-06 4.05000551769471e-07 0 0 2.12956892902375e-08 3.82105674298509e-07 3.06781148487171e-06 8.15502833439911e-06 2.94558028641719e-06 7.25537305577603e-07 4.6156236195741e-07 3.48181556852595e-06
