simulations/projFolders/pop1000/sim1/UDs_popWinter/averageUD_winter.asc
NCOLS 322
NROWS 330
XLLCORNER -967738.61525439
YLLCORNER 1740623.17832879
CELLSIZE 500
NODATA_VALUE -9999
[rows 46 to 68 of 330, columns 104 to 155 of 322]
0 0 0 0 0 0 0 0 0 0 0 0 0 0 0 0 0 0 0 0 0 0 0 0 0 0 0 0 0 0 0 0 0 0 0 0 0 0 0 0 0 1.84509190118107e-08 3.42200277316504e-07 1.86142208955147e-06 1.67515932088906e-06 2.99178063819913e-07 1.58755574349091e-08 0 0 0 0 0
1.61462201477288e-07 2.49870907241062e-07 1.63868098725426e-07 8.27844923923484e-08 3.43093597564353e-08 0 0 0 0 0 0 0 0 0 0 0 0 0 0 0 0 0 0 0 0 0 0 0 0 0 0 0 0 0 0 0 0 0 0 0 0 4.68867801750635e-08 7.99806031731637e-07 5.24309882807299e-06 4.77286148737278e-06 7.11873872087683e-07 3.64320876482124e-08 0 0 0 0 0
2.43905000348216e-06 3.5241318395111e-06 2.26533343046628e-06 1.37234246335541e-06 5.93580189062668e-07 0 0 0 0 0 0 0 0 0 0 0 0 0 0 0 0 0 0 0 0 0 0 0 0 0 0 0 0 0 0 0 0 0 0 0 1.54972603897269e-08 1.92510691672336e-07 1.20377156397875e-06 4.92852413945209e-06 5.38801308632044e-06 7.50503502661828e-07 3.8194055371644e-08 0 0 0 0 0
1.29045518093785e-05 1.59633513513584e-05 1.13429808970376e-05 8.36328230659695e-06 3.09411715664865e-06 0 0 0 0 4.12420267752966e-08 9.90396729157146e-08 5.46296796438121e-08 0 0 0 0 0 0 0 0 0 0 0 0 0 0 0 0 0 0 0 0 0 0 0 0 0 0 0 0 1.31585387840489e-07 1.46146386371929e-06 4.58835018722696e-06 5.69252530018558e-06 2.82156839920031e-06 3.95696842977417e-07 1.93406049188317e-08 0 0 0 0 0
3.05694416114709e-05 2.12941467726717e-05 2.19035502486898e-05 1.85769144414882e-05 4.97267115778798e-06 0 0 0 5.3380430463473e-08 5.54389029183784e-07 1.61739462028472e-06 8.15646606362343e-07 1.00781027851229e-07 0 0 0 0 0 0 0 0 0 0 0 0 0 0 0 0 0 0 0 0 0 0 0 0 0 0 0 3.53519746509488e-07 4.31028334352494e-06 1.30140185334581e-05 7.75356916582286e-06 1.16540631260043e-06 1.03354075673609e-07 0 0 0 0 0 0
2.60698702143158e-05 2.30114459953333e-05 3.21186259335715e-05 1.81384682625286e-05 4.517070482668e-06 0 0 0 1.96014647339594e-07 2.30556214190078e-06 8.12857225402639e-06 3.47001175338659e-06 5.82066539112909e-07 7.89133482481938e-08 8.85800272807184e-09 0 7.51197057855434e-09 4.61313611518537e-08 1.15263559545387e-07 1.07815932988489e-07 3.23807034820692e-08 0 0 0 0 0 0 0 0 0 0 0 0 0 0 0 0 0 0 0 3.08033457207686e-07 3.22981015725572e-06 1.18201235289662e-05 4.11795638433424e-06 5.02762792083033e-07 2.36305331743058e-08 0 0 0 0 0 0
3.45096476318887e-05 1.92343369094456e-05 3.29806953613957e-05 9.39755048447136e-06 1.57365645255901e-06 0 1.42366070553242e-08 3.06705805946088e-08 2.83631583395924e-07 3.14327725157223e-06 1.08800064754343e-05 9.13652777520455e-06 3.32584301886e-06 9.30786772942572e-07 1.91551778666607e-07 5.14046871018187e-07 2.04683514278001e-06 3.11774131790308e-06 2.54551926585585e-06 1.94525078372469e-06 5.77376049381957e-07 6.37042830825488e-08 0 0 0 0 0 0 0 0 0 0 0 0 0 0 0 0 0 0 1.74513013888111e-07 2.00417078998266e-06 6.44754897696255e-06 2.46917619329019e-06 3.59688943658041e-07 2.40263761912716e-08 0 0 0 0 0 0
3.76672446665352e-05 2.80611924780612e-05 1.54029242668861e-05 6.04289211232689e-06 6.47167500466929e-07 1.56382433462127e-07 4.30342304681847e-07 6.2284182048329e-07 8.26988252674132e-07 2.92879878494798e-06 1.00897755457137e-05 1.31237851434066e-05 1.2301535343576e-05 5.29182236553979e-06 1.17935496362878e-06 3.15400725178324e-06 1.17202987875e-05 1.52325006176629e-05 1.64994150372828e-05 1.37008829019618e-05 3.84962046455148e-06 7.81745242291077e-07 1.90993159744913e-07 1.65947320028656e-07 1.94230815363536e-07 8.8735425364427e-08 0 0 0 0 0 0 0 0 0 0 0 0 0 0 1.10382825350729e-07 1.45328778283809e-06 5.92545559531635e-06 5.03363693049607e-06 1.37540022819801e-06 1.59522998702362e-07 0 0 0 0 0 0
2.41969749291389e-05 2.96360794405717e-05 2.26036589555249e-05 5.38901146412026e-06 9.09254362190386e-07 2.08760495263027e-06 4.7596925861699e-06 6.01946003635345e-06 5.4085892616193e-06 8.06316733226713e-06 1.28014702328694e-05 2.13840752804616e-05 1.93112473902897e-05 8.47074948110918e-06 3.2683417661289e-06 1.0734396984885e-05 3.14306840248491e-05 2.97073088537116e-05 2.4719826873022e-05 2.09673009778097e-05 1.12687516938853e-05 6.50717550780857e-06 2.65910988629516e-06 3.08574549802682e-06 3.89504060084666e-06 1.82146392732486e-06 3.3664217329595e-07 1.05417193463653e-08 0 0 0 0 0 0 0 0 0 0 0 0 5.7780292981511e-08 9.41174512107469e-07 1.16260824705772e-05 5.84673322640358e-06 3.22746275870679e-06 6.81008153947873e-07 1.02419231535663e-07 2.07963985269198e-08 0 0 0 0
1.68505664886931e-05 2.43502352346373e-05 3.23984697407456e-05 6.05436973173455e-06 2.45549716014714e-06 9.82466060505471e-06 1.75773277849642e-05 1.42789920768328e-05 1.72527302027969e-05 1.50681827192378e-05 1.07854567450299e-05 8.03882814810616e-06 1.013682037424e-05 4.68742009174656e-06 9.59534756680315e-06 2.67956312701419e-05 3.78743708070953e-05 3.4134089941092e-05 2.50670332420068e-05 1.95722263273955e-05 2.24091745875905e-05 2.0036272701282e-05 1.66367031606293e-05 2.03417204286732e-05 4.2412184171803e-05 1.36509537674224e-05 2.76612024708461e-06 2.5963661023771e-07 0 0 0 0 0 0 0 0 0 0 0 0 2.57277151789037e-08 3.63164552194439e-07 1.66841119034516e-06 4.00480488248879e-06 7.29390093935892e-06 3.44416382665499e-06 1.23155734015715e-06 4.89972357091348e-07 1.00926139549862e-07 0 0 0
6.02788384903945e-06 7.05078150960226e-06 8.0274017514401e-06 3.05551430159852e-06 2.11343844386196e-06 8.89706332089136e-06 1.23966895023313e-05 1.63153335425051e-05 2.94645801137749e-05 2.58257817434204e-05 1.15611068885247e-05 3.74842667890082e-06 2.1306893319087e-06 2.33201519547513e-06 1.17066679503001e-05 2.04840451445023e-05 3.29241342788035e-05 3.49610447825688e-05 3.3482186490711e-05 3.08725684830066e-05 2.30298861823077e-05 3.25290709680074e-05 3.81134301360886e-05 4.05146181516286e-05 4.07438203624938e-05 3.00949662873956e-05 1.00915813801856e-05 1.05262920242991e-06 3.87405379960396e-08 0 0 0 0 0 0 0 0 0 0 0 8.86106208634916e-08 1.05109787528685e-06 4.82064485470066e-06 6.85273436715923e-06 1.73661708803018e-05 1.25011187026056e-05 8.04906058923177e-06 4.62862383497568e-06 9.24189109202106e-07 7.22495023972804e-08 0 0
1.3796155338684e-05 2.21182545610383e-06 9.4055890788575e-07 4.61723568074283e-07 4.37143025847376e-07 1.4868442665185e-06 3.27502493692323e-06 1.49434190218727e-05 3.73823046622336e-05 3.18354405410002e-05 3.06447911956803e-05 1.22250057736648e-05 2.07021972130216e-06 1.51124258966295e-06 3.44929518120963e-06 5.60740195121854e-06 1.57495550785199e-05 2.60611101941804e-05 3.40875014606272e-05 4.02428060703367e-05 2.58030928628614e-05 3.96753586762981e-05 4.56632114871195e-05 2.96902190844702e-05 2.34400052538425e-05 3.31047773306363e-05 1.43246399214975e-05 1.60444900366906e-06 6.13061783850145e-08 0 0 0 0 0 0 0 0 0 0 0 2.67976778514993e-07 2.61807977178534e-06 2.15908940845722e-05 1.47841004630273e-05 1.91247798470762e-05 3.1516946846986e-05 1.79636534273667e-05 1.60276498618992e-05 3.43122659194251e-06 3.86165687750381e-07 0 0
8.23620799792459e-06 1.49756472067313e-06 1.34271613183539e-07 0 1.26704384435398e-07 8.61306092559165e-07 3.61010548598863e-06 1.83739215105135e-05 4.18633185257701e-05 4.52086441143959e-05 6.12701550024573e-05 3.32578979377486e-05 6.33661029755402e-06 5.61116542574194e-06 8.67327768211923e-06 4.69878455546142e-06 1.6375768927007e-05 2.81301569147e-05 2.33320649674625e-05 2.12039202416579e-05 2.8367061163256e-05 4.76828031162901e-05 4.32427003908045e-05 2.07357332076053e-05 1.01939132420222e-05 1.44671834981316e-05 7.53208063418063e-06 9.49095701641566e-07 3.2854124578094e-08 0 0 0 0 0 0 0 0 0 0 0 5.22425281728684e-07 3.98198841073707e-06 9.06950421481087e-06 1.99389066514124e-05 1.53016932283324e-05 2.44792923290707e-05 3.6201015108787e-05 2.60829143182937e-05 8.21891985697487e-06 1.56660366311793e-06 0 0
1.38988753292036e-06 3.52807081013212e-07 2.79492069193194e-08 4.04535239728206e-08 6.26676774014278e-07 5.08797354911915e-06 1.47599047025428e-05 2.44559310336129e-05 4.29535098302731e-05 4.15758639505175e-05 5.9088744213329e-05 4.37342747973469e-05 1.37869603909064e-05 1.33281545691464e-05 1.27406902590149e-05 8.10299254819624e-06 1.67235042872142e-05 1.92778594759953e-05 1.24602150151353e-05 1.75719857186771e-05 3.32055315320318e-05 3.19633632845379e-05 2.15662419760262e-05 9.36195999228832e-06 6.1972052779958e-06 5.47718629150252e-06 2.12304433772559e-06 3.24968859732332e-07 1.58487291602006e-08 0 0 0 0 0 0 0 0 0 0 0 5.22431917402027e-07 5.05755329420824e-06 6.82367198056188e-06 9.25766769643244e-06 1.02399680746519e-05 2.24580317698467e-05 4.24848459590625e-05 2.72500533565439e-05 1.01726958511309e-05 2.53987614954655e-06 0 0
7.59148097005638e-08 0 5.71270647829754e-08 3.40166501644525e-07 1.61820440526321e-06 1.21895465979648e-05 3.27300839071888e-05 3.88168096478053e-05 4.56056818290499e-05 4.29486334252733e-05 5.05636706864515e-05 3.36639396790525e-05 2.37851515372927e-05 2.09341086412559e-05 1.5340167095206e-05 1.12922769021162e-05 1.39172831527185e-05 1.29167353712976e-05 6.75021717213026e-06 1.23229781145304e-05 1.49193406080326e-05 9.89035330548948e-06 4.69427602287846e-06 3.92389483684862e-06 9.61817707707092e-06 1.2389137407575e-05 5.22361742246041e-06 1.52951269385212e-06 3.04724991969574e-07 2.85444057179126e-08 0 0 0 0 0 0 0 0 0 0 1.57156144242776e-07 1.23776204397886e-06 4.48638386950079e-06 1.12258773278474e-05 1.22565766776165e-05 2.94312424908995e-05 3.76696735558094e-05 1.66044402840048e-05 4.43489057869755e-06 8.20917833926133e-07 0 0
0 0 3.0927985785062e-07 1.9557864867636e-06 4.68822056349931e-06 1.28571139627257e-05 4.36140745805967e-05 5.51103949455516e-05 5.93119487068146e-05 5.00454567289892e-05 4.73890900533371e-05 3.81569750543801e-05 2.66634877726967e-05 1.07317799684508e-05 1.19340419749517e-05 1.4219471251099e-05 2.74050831749338e-05 1.70313715906539e-05 5.19842747512767e-06 3.87408118630841e-06 4.71410341482745e-06 9.42516513012671e-06 4.78290580133834e-06 6.32225721969772e-06 1.06135578808487e-05 1.83729678361973e-05 2.13148817384695e-05 1.00870514271834e-05 2.51803453969964e-06 2.78799445322163e-07 0 0 0 0 0 0 0 0 0 0 6.04904853289388e-08 1.21826003285432e-06 9.86049137846195e-06 2.62389406518383e-05 2.82180234743101e-05 4.09472994438524e-05 2.88372877937466e-05 7.20987282573944e-06 1.01077090932075e-06 1.13532696540751e-07 1.52372755085021e-07 2.97079852267313e-07
0 0 3.64335573916502e-07 2.58413259828494e-06 4.22533275489546e-06 7.84252025057093e-06 2.96483077059743e-05 3.96963059836429e-05 2.86990702104708e-05 3.09248231300144e-05 3.58908027351049e-05 3.3814735705019e-05 1.5703365204117e-05 3.29770566840973e-06 2.86273751360436e-06 1.09626064058859e-05 1.74393653840738e-05 2.7435753489956e-05 1.11099351179076e-05 5.37613406688319e-06 7.31820613024592e-06 1.45911006232766e-05 9.25592053528275e-06 1.07094086688897e-05 8.74503701780404e-06 2.36723702361706e-05 3.87416519160463e-05 3.03586870381607e-05 1.05871753749594e-05 2.16593965852142e-06 4.2445168939838e-07 7.54129214203782e-08 0 0 0 0 0 0 0 0 4.0762322889873e-08 9.34606767104707e-07 7.27662211163494e-06 1.68549753697606e-05 1.94852836397793e-05 2.61268541173567e-05 1.88425611673373e-05 4.60877828223648e-06 4.47399739567578e-07 1.93581392490832e-07 1.51542236537713e-06 3.38215287718771e-06
0 0 8.02636859456288e-08 3.89804423256462e-07 6.77309115305096e-07 2.18493258544369e-06 1.26617057227974e-05 2.1123060953098e-05 1.82938910990449e-05 1.9924405958928e-05 1.79483797371456e-05 1.1987759729724e-05 4.25575021583865e-06 6.83829421064221e-07 6.21239421786269e-07 3.97244142302627e-06 1.31676020078899e-05 2.12204232776773e-05 2.02042125131991e-05 2.30624042413176e-05 2.41370741237947e-05 2.67179943576897e-05 1.63537226590244e-05 1.8604777750271e-05 1.12505909036833e-05 1.21619151885031e-05 2.19841413163482e-05 4.7070648513387e-05 2.33571566602636e-05 9.64231602687838e-06 3.1410302030307e-06 8.48157389414617e-07 1.71844381810569e-07 8.43356101401135e-08 2.1467190887133e-08 0 0 0 0 0 0 1.68643891783433e-07 1.09724409394415e-06 2.77068745298977e-06 3.93551541427146e-06 5.18230209041216e-06 5.59048168268573e-06 3.66820977008668e-06 1.56850530739966e-06 1.02000753378362e-06 3.58415883906414e-06 1.22432513142211e-05
0 0 0 2.13738312560115e-08 5.02587536092009e-08 4.67261095686707e-07 3.21282283349754e-06 7.69768096379073e-06 5.34586422056805e-06 3.8917534978201e-06 3.75087372896522e-06 1.65948783951328e-06 4.78712085089503e-07 6.99145748396996e-08 1.91984334346698e-07 1.61538342918517e-06 8.29938892137604e-06 2.81342808110597e-05 3.55649143398494e-05 5.33749274821073e-05 5.95428272983138e-05 3.81005667086902e-05 2.61202510403038e-05 2.19600181990245e-05 1.99025943842341e-05 1.39517271868123e-05 1.42841432219922e-05 1.6350002956662e-05 1.5775371340284e-05 1.47285126125255e-05 9.63531154979585e-06 3.19781689851654e-06 2.00782995637771e-06 1.6631820469202e-06 3.9042838027752e-07 2.70426444286151e-08 0 0 0 0 0 1.42424221825474e-07 1.46104616554464e-06 6.57533435042051e-06 9.81953833089517e-06 4.87162126147508e-06 7.15880794332045e-06 1.52072058965405e-05 1.03484177944802e-05 7.37298885238216e-06 6.80694077051168e-06 1.14686135183647e-05
0 0 0 0 0 5.54642574478723e-08 3.82836529688817e-07 8.05550953239862e-07 6.21754268546963e-07 4.24064433830387e-07 3.12633346714441e-07 1.19660959151773e-07 2.80849999352398e-08 4.04434795133359e-08 6.78207375928164e-07 3.86347225803208e-06 1.08899855968197e-05 2.29776557496867e-05 5.07257394408592e-05 8.1915363655825e-05 9.59207266410231e-05 5.15165254388342e-05 2.03796718235825e-05 1.09900515508327e-05 2.25444957576597e-05 2.46625281829508e-05 8.93036462218637e-06 4.05373377658326e-06 5.39090018630127e-06 1.30951236911776e-05 1.45127251720228e-05 6.32394384488007e-06 1.31422523387356e-05 2.03404538299719e-05 2.32624402231184e-06 2.31856509306242e-07 8.99978258381515e-08 1.3887508246144e-07 6.61269586889421e-08 0 1.00398465275896e-07 1.05421023891538e-06 6.4115580160725e-06 2.45187561918409e-05 2.75971833570777e-05 1.4827253294515e-05 2.06777434761839e-05 3.90040017599817e-05 3.07548232325626e-05 1.83927863805818e-05 2.96842213670907e-05 2.74027492805622e-05
0 0 0 0 0 0 1.71246338112549e-08 8.4231956847959e-08 4.35593974471573e-07 1.43052206816668e-06 1.13603915069059e-06 4.6852161168741e-07 2.43798232946203e-07 3.45787033381398e-07 1.75623851799183e-06 8.62030777937417e-06 1.29118980818458e-05 2.75273807301218e-05 5.03958836114365e-05 8.32244828205518e-05 7.7817484723551e-05 6.30927607312585e-05 2.21011247449262e-05 7.94984400140669e-06 1.99972279336703e-05 2.42732074071488e-05 9.10610984860007e-06 2.1601582408098e-06 6.50917459171465e-06 1.59265343073448e-05 1.26671120503422e-05 1.52412354920887e-05 3.34629602674838e-05 2.74054519786733e-05 6.90309377272807e-06 1.87448493639619e-06 1.55271356899645e-06 2.22218898088179e-06 9.06615692506294e-07 1.0737858245233e-07 5.40543638545878e-07 4.26622247252718e-06 1.38207599497787e-05 4.40761484132705e-05 2.91293598663234e-05 2.4855095889027e-05 3.428077697186e-05 5.18077127549652e-05 3.99604625933727e-05 3.13225500233735e-05 5.12388124977105e-05 5.47826513557278e-05
0 0 0 0 0 1.54465651550585e-08 4.29025822015186e-08 4.67416102687694e-07 2.53460090565416e-06 7.52608524510754e-06 5.89636294073533e-06 3.39964148532159e-06 2.83120037009603e-06 3.48535063618796e-06 6.14632340046269e-06 1.43574625229892e-05 1.34830726288274e-05 2.58999876635083e-05 5.35504594356515e-05 7.53780454272327e-05 4.82908002952207e-05 4.43291179762359e-05 2.29972898922015e-05 1.13711729626891e-05 1.62608250948671e-05 1.68489329488975e-05 9.05625242589886e-06 2.23951134793613e-06 8.51851794727586e-06 2.7786914254592e-05 2.08683535422086e-05 3.09675447591501e-05 6.04359209437386e-05 4.03987094693015e-05 2.25433800332155e-05 1.11072342824417e-05 8.73166415695735e-06 1.20309088359214e-05 4.01886925034702e-06 3.65113664823634e-07 9.86568163916943e-07 6.15781592103154e-06 1.2557694686359e-05 1.97869259831312e-05 1.42201110697077e-05 1.99342165109274e-05 2.96584982375841e-05 3.35946008507388e-05 3.01572792182077e-05 3.61659377753425e-05 3.70019972263072e-05 4.39870841728296e-05
0 0 0 4.87086908752897e-08 2.11518621619209e-07 4.09895728739991e-07 5.27553667692615e-07 2.35052523164254e-06 1.11505556833153e-05 1.47413341304081e-05 8.97997617572792e-06 7.59694026657255e-06 1.14353392254243e-05 1.45872486731086e-05 1.79535262256921e-05 3.65577079295154e-05 3.50388027669557e-05 2.92691849123627e-05 6.23298808829046e-05 6.61067962536969e-05 5.00700510955355e-05 5.42498566120397e-05 5.39261698633503e-05 2.77351885988065e-05 2.11174711550061e-05 9.9040055631085e-06 3.52144287840799e-06 3.03497817317037e-06 9.19105019268123e-06 2.68786642655905e-05 3.8657072925124e-05 4.83682863334159e-05 5.2207499733859e-05 6.32081627741051e-05 3.77933531936978e-05 3.22686582750269e-05 2.05175727571829e-05 1.42215192294403e-05 3.87437175895164e-06 3.48248693568682e-07 9.31560876624932e-07 7.16661428913958e-06 1.63942109766265e-05 1.48615892951902e-05 8.92126466931131e-06 1.28336306640107e-05 3.1209375704125e-05 3.55194806993769e-05 2.03999765183509e-05 1.80842727392755e-05 2.13425718212534e-05 2.69376244351345e-05
