simulations/projFolders/pop1000/sim1/UDs_popWinter/averageUD_winter.asc
NCOLS 322
NROWS 330
XLLCORNER -967738.61525439
YLLCORNER 1740623.17832879
CELLSIZE 500
NODATA_VALUE -9999
[rows 207 to 229 of 330, columns 52 to 103 of 322]
5.58905629348552e-06 1.01750968007278e-05 2.77330782218527e-05 2.70577911242721e-05 1.41324577829671e-05 1.91596802292316e-05 2.11554504895926e-05 2.75488179131407e-05 3.8557425134947e-05 3.4750871354545e-05 2.52846348988846e-05 4.22153882612388e-05 3.70223671136559e-05 1.4625458044371e-05 5.62074826937185e-06 2.5416065468899e-06 5.55937702209791e-07 4.13008092368519e-08 3.98125703147781e-08 9.73342917698306e-07 1.07556572166148e-05 3.72254215119205e-05 5.40931820779833e-05 4.18747961451777e-05 2.32293736151121e-05 2.86119338077591e-05 5.51181659011129e-05 7.24698305009949e-05 7.47920870657041e-05 7.81470760573625e-05 7.61097147934712e-05 4.75733689885006e-05 2.06674169714783e-05 1.42838992154777e-05 1.67771279784065e-05 2.16007120871522e-05 2.38132793416866e-05 1.51701988627217e-05 1.20115978623399e-05 1.24218203106806e-05 6.43203919646877e-06 2.04986124265508e-06 2.17946548910096e-06 9.15051728801085e-07 9.53579510520563e-08 0 0 0 0 7.78340181439695e-08 5.33900572829907e-07 3.31984413732725e-06
1.12936524655587e-05 1.13099869321922e-05 2.68681477710797e-05 2.87316869896736e-05 1.15208858605015e-05 8.51233117141372e-06 2.2761417549058e-05 3.151837363317e-05 4.0437076234079e-05 4.16339039733579e-05 2.50194650101937e-05 3.07359304228171e-05 2.24851593337956e-05 1.11344223823579e-05 7.4268234881376e-06 2.57117464164518e-06 2.48448748566029e-07 0 1.58896000331021e-07 2.18238518537189e-06 1.44874788796743e-05 3.83461043175114e-05 5.21287731739947e-05 4.64852042419195e-05 1.83238387077493e-05 1.96368675646437e-05 3.2001525158349e-05 5.13567551885402e-05 4.19836342265196e-05 5.58781549241956e-05 5.11233359490579e-05 3.65484207808029e-05 1.77056863874667e-05 4.97589725918592e-06 5.06277521988324e-06 1.296748313838e-05 7.83483032007361e-06 6.96652382496818e-06 1.52461566005722e-05 9.37735475444417e-06 8.49027745285048e-06 1.77917571243226e-06 3.01426276514663e-07 6.7915127135738e-08 0 0 0 0 0 0 1.33935056488193e-07 1.30854919531125e-06
3.64755582935286e-06 6.10084179687759e-06 1.97833180394777e-05 2.72595342203519e-05 6.11301651123223e-06 8.30645300310333e-06 3.21794748252965e-05 4.05000299148223e-05 2.45773177553231e-05 1.94615423647111e-05 1.54745131705398e-05 2.81253345264094e-05 2.48297862667435e-05 1.73509698332414e-05 1.09062883984856e-05 3.54381650627556e-06 5.32692298204866e-07 1.0398396987608e-07 5.98782848001913e-07 5.29604451643111e-06 2.44236923713754e-05 3.74573692617352e-05 4.9987357101504e-05 5.08907139216992e-05 3.87701578374054e-05 2.96558029900536e-05 2.61252336160772e-05 3.28145101612089e-05 3.14906947262571e-05 4.51662838384191e-05 2.01857387986121e-05 1.90857816455932e-05 1.1882034128426e-05 6.65850797557792e-06 6.75684865452171e-06 6.68520387151356e-06 3.9233886630294e-06 3.33173549678861e-06 4.34440234604032e-06 4.09406796029931e-06 6.68799783923695e-06 2.57910741450379e-06 2.2747452017808e-07 0 0 0 0 0 0 2.07599987299714e-08 1.6405963103363e-07 7.75504449719612e-07
5.41081826578595e-07 1.50713126615799e-06 4.99060936189468e-06 7.1491352270621e-06 2.04247981276054e-06 6.44400250059901e-06 2.97290701369865e-05 4.65105622929769e-05 2.92920004527918e-05 1.41591764963058e-05 1.49124935244651e-05 3.06287612715287e-05 2.74434480770662e-05 2.08299793268505e-05 1.44867273023567e-05 6.47269235816657e-06 2.34588375276207e-06 9.9524029048436e-07 1.45555241009322e-06 1.10384561103177e-05 2.62603107796319e-05 2.71857920989061e-05 3.27865742092653e-05 4.68402393084653e-05 5.33515997142622e-05 4.47928644642534e-05 3.59820574462409e-05 3.82239147957421e-05 3.83126065071532e-05 1.85616817294604e-05 6.11819093945594e-06 4.27152914855646e-06 1.04471091163733e-05 1.45013937702593e-05 1.52188427721084e-05 6.56536314527704e-06 1.61452952279971e-06 4.3041913879424e-07 7.09315354352656e-07 2.89090955582053e-06 5.8337501240543e-06 1.63301464608826e-06 1.4989096959898e-07 0 0 0 0 0 2.30879522821802e-08 2.78483523242607e-07 1.41511403466415e-06 4.22309990902319e-06
7.91467726099504e-07 4.26458602234853e-07 5.2996905278948e-07 6.11113151434152e-07 3.39243211727268e-07 2.04186118174046e-06 1.17166051621696e-05 4.86858300784042e-05 2.3153051730135e-05 1.43272140970933e-05 1.44699765345325e-05 2.86251846653485e-05 4.35583963918051e-05 3.98586355083715e-05 2.57699489550814e-05 8.20188410444282e-06 5.69804105813283e-06 4.18411102076595e-06 3.24408290853998e-06 1.10702328365583e-05 2.59414277927815e-05 2.799232489897e-05 2.14385166728743e-05 3.46012636961836e-05 4.89314012148381e-05 5.25660999032199e-05 4.30855974483638e-05 3.20915877765897e-05 3.11598163046476e-05 1.81484147876238e-05 5.19123393956253e-06 1.77399208739814e-06 8.3244396359839e-06 1.97534561124502e-05 1.31740057819119e-05 5.8379801911875e-06 9.97537863275555e-07 3.47579661990211e-08 1.10660774207502e-07 7.49740109189074e-07 1.25435192582838e-06 3.8773380213513e-07 3.67628817851288e-08 6.05080240247648e-08 1.83807976979114e-07 1.85983546513056e-07 8.10010387660856e-08 2.13661169219524e-08 1.12825597152049e-07 1.35794759239857e-06 6.46902900081993e-06 7.40499887492768e-06
4.91784419782945e-06 2.84431967837182e-06 3.16666410019315e-07 3.32296949581607e-08 2.68210987952576e-08 3.91769572096236e-07 4.1178157546255e-06 2.04549841548889e-05 1.99289862033492e-05 8.21442901952082e-06 1.03868395072896e-05 2.47856154996819e-05 4.66022714895293e-05 4.68822903853474e-05 2.54469029563232e-05 5.85505831889669e-06 2.39667249803774e-06 5.72688132429617e-06 9.6514830349788e-06 2.29261517486739e-05 4.06856425039124e-05 5.39994463235089e-05 2.79368869914027e-05 1.88280176340145e-05 1.95084810224639e-05 2.73878779216932e-05 3.43912132027396e-05 2.92606409590646e-05 3.47767956497277e-05 1.66055150302557e-05 6.86100358029787e-06 4.79974225083945e-06 9.86666139051776e-06 2.05997377599922e-05 1.13280266504595e-05 5.30344294296263e-06 1.94766418976108e-06 1.84578340819261e-07 0 5.0839385940653e-08 7.78917092118828e-08 2.85722435317399e-08 1.18618307149876e-07 9.13381168933145e-07 2.61222827205e-06 2.63100280382856e-06 1.18489691502343e-06 3.59376048376853e-07 2.71514058068118e-07 2.14591110089634e-06 6.53264811154266e-06 6.02848268945483e-06
1.25108137706058e-05 4.19944524695445e-06 4.73199586771268e-07 1.84705950201856e-08 0 1.04387370794016e-07 1.80238147702011e-06 1.16910915802423e-05 2.62748785273416e-05 1.35397529207091e-05 1.84936951815247e-05 4.26543578434853e-05 4.63124141020346e-05 2.93262936126286e-05 1.29667967536426e-05 2.80199665529801e-06 9.17607336153067e-07 4.3807132162347e-06 1.78017578989579e-05 4.31287810134964e-05 5.60392774548677e-05 6.60660341272579e-05 4.39176298605166e-05 2.18746419959785e-05 1.98194291409799e-05 2.46544722426817e-05 2.79261022759904e-05 1.87502261220149e-05 2.24326103888542e-05 2.56032105492853e-05 2.6291968296583e-05 2.34231911560832e-05 2.45576892007437e-05 3.29525060897119e-05 2.0331999283641e-05 1.05369053763577e-05 3.10367881269e-06 2.76022736170237e-07 0 0 0 5.12638325659848e-08 8.84902721589984e-07 5.46222599132767e-06 1.57306399170326e-05 1.17211909945263e-05 6.31427718221845e-06 2.2191856984098e-06 9.43777849741392e-07 2.38459347707762e-06 5.97862480109233e-06 1.4806566757491e-06
1.19936671088138e-05 3.49584221781991e-06 2.9506455752767e-07 0 0 3.94543967493641e-08 8.68192931959001e-07 6.78745517394752e-06 1.32022015728537e-05 1.01018277911498e-05 1.36877223826621e-05 2.93454211156629e-05 3.07467970946159e-05 2.75520198001517e-05 7.39594921347164e-06 1.83643156166499e-06 3.36526520494501e-06 1.16547681371931e-05 2.6019530366521e-05 4.85504306772387e-05 7.84017667044456e-05 5.65381534303939e-05 4.25757355917493e-05 2.07286793704264e-05 2.73131113454155e-05 2.10962500388244e-05 1.33731644578475e-05 1.43869202560194e-05 3.10803241976271e-05 4.91468682803751e-05 7.23925903319593e-05 5.41556589215684e-05 3.67846228121377e-05 3.28266657834507e-05 1.50152305116217e-05 4.34652110489722e-06 9.18747915268478e-07 9.14426272932758e-08 0 0 8.41521887056585e-09 2.75905593252668e-07 3.5258715500802e-06 1.48784574096589e-05 2.55569070535283e-05 1.88231542675306e-05 7.76413828005913e-06 7.52399535725045e-06 5.44915627597897e-06 5.29887154610589e-06 4.22061094944294e-06 7.5415131856301e-07
5.27684902684889e-06 1.23626668917024e-06 1.00204022584647e-07 0 0 0 1.67620513793252e-07 9.68562788169562e-07 1.80457567300554e-06 2.14765733072346e-06 9.71548445361835e-06 2.84116715145727e-05 3.63799929558567e-05 3.04452739605535e-05 9.6811633541043e-06 7.45026254903036e-06 1.68678574236106e-05 2.54366714465202e-05 3.6885924631207e-05 3.595703094602e-05 3.78370135959885e-05 3.61709520160834e-05 1.6887700182382e-05 7.47962202752896e-06 9.41306911252961e-06 1.63319092216854e-05 2.39083226730555e-05 3.35601158384516e-05 6.21136575834371e-05 7.22001641869145e-05 6.4366005350417e-05 6.27214237943693e-05 5.45656680970395e-05 2.90073659222947e-05 1.10809095185519e-05 3.10411606863871e-06 6.85764360127985e-07 7.43344280512793e-08 0 0 1.56239748295357e-08 4.58180933416354e-07 4.83413273388529e-06 1.6024382782308e-05 2.77983266814195e-05 1.89078729568391e-05 1.59673169228805e-05 3.30385491197212e-05 2.16664504223931e-05 1.26883536556205e-05 4.38654934914756e-06 1.13770435545372e-06
1.09285861235634e-06 1.8271834411891e-07 1.3958913766562e-08 0 0 0 1.01167870508627e-08 5.22913323861532e-08 1.11364824969964e-07 6.12584699309462e-07 5.47972042022763e-06 2.23066974394322e-05 4.20603826572358e-05 3.33507209961e-05 1.42587367421609e-05 1.31404753752635e-05 4.18443158199608e-05 3.69597338078782e-05 2.80195847107245e-05 2.17994153463489e-05 1.83697920262184e-05 9.82837937609453e-06 8.48586391517011e-06 8.26743896913657e-06 9.6064573137939e-06 1.4608196911776e-05 2.23818421326752e-05 4.03216406636197e-05 5.97398057481027e-05 6.82540014273105e-05 6.92886710052145e-05 9.31694358432917e-05 7.23333731173848e-05 3.05993743190141e-05 1.90993472902128e-05 1.02106705291045e-05 3.45874298306625e-06 1.25410524176147e-06 2.83845397596722e-06 2.25519761405778e-06 1.1538135584395e-06 2.74084811053468e-06 5.7358401818012e-06 9.80202387855985e-06 9.20259486731425e-06 1.71697866143154e-05 3.09478864022484e-05 4.55612018628936e-05 3.04155331054606e-05 1.46165369054303e-05 7.36015522730609e-06 5.85240730918848e-06
9.32131297149874e-08 1.12401266942039e-08 0 0 0 0 0 0 0 1.95558095551295e-07 3.23961069753742e-06 2.4742640550806e-05 5.65276369358831e-05 3.64328473746025e-05 2.99562700043166e-05 1.60435307744389e-05 2.50418242025613e-05 2.46003121096865e-05 1.50813944612791e-05 6.51329290013892e-06 2.50733434181101e-06 1.50773220204916e-06 3.18591250053913e-06 5.64969750027641e-06 4.68100514185367e-06 1.48735670348204e-05 2.45232582051659e-05 2.4866903196626e-05 4.223453997866e-05 5.25759421201868e-05 6.52009770166148e-05 9.58582535227283e-05 9.64917465884574e-05 5.5855158707187e-05 3.71409207520945e-05 1.6879482191985e-05 7.69186299166807e-06 3.30685521421188e-06 9.09323058871784e-06 1.01725365949706e-05 6.15890230881465e-06 1.13577181454559e-05 1.7727278170033e-05 1.73060074419916e-05 1.74230858654722e-05 2.59723328010924e-05 2.72673927202352e-05 3.66252213655832e-05 1.97949856486906e-05 1.33083639644391e-05 1.46463559916194e-05 9.78935602890203e-06
0 0 0 0 0 0 0 0 0 7.79631954954303e-08 1.79149187140291e-06 1.60315465155507e-05 4.47386130616459e-05 2.91368626009832e-05 1.48800080617453e-05 1.46074546476841e-05 1.48222679247739e-05 1.35341519467463e-05 6.77911052368035e-06 2.09004315513021e-06 8.94984928742796e-07 6.09847658678442e-07 6.36927434137746e-07 1.14693865161015e-06 4.00098692559479e-06 1.54770230848779e-05 2.34410669615774e-05 1.66043862672955e-05 1.95326786455936e-05 2.54379063802539e-05 4.09449748627066e-05 6.47615119707586e-05 6.97162598256011e-05 5.31432703049358e-05 4.85619008460658e-05 2.46445760090055e-05 8.7429890394628e-06 8.01955163345996e-06 1.3177741316758e-05 1.68115757377907e-05 1.79980695217834e-05 2.22957693003435e-05 3.28965932076316e-05 4.70404103320394e-05 4.61830720228934e-05 5.29380403371373e-05 3.738726302362e-05 2.48636677820024e-05 1.81443542211992e-05 1.70618183882581e-05 2.16592047327638e-05 1.37511603511441e-05
0 0 0 0 0 0 0 0 0 4.859472027524e-08 1.0431179542229e-06 7.47681921224112e-06 1.61874815794831e-05 1.20808230692996e-05 6.13105343553182e-06 1.02656455693524e-05 1.52794215802868e-05 1.28070376792195e-05 1.20242573300946e-05 8.26847180587165e-06 7.42297805722765e-06 5.38563216015883e-06 1.47570122474572e-06 1.70084112295644e-06 8.60836915529216e-06 1.86212081431296e-05 2.94065065633218e-05 2.09569167311044e-05 1.98672432419527e-05 2.12733112240358e-05 3.21794711000062e-05 3.70686054168327e-05 4.42187525258719e-05 5.3777877232464e-05 5.55719844904866e-05 2.68315207168713e-05 2.33490485659304e-05 2.56180707322835e-05 2.18437612020545e-05 2.28793956301456e-05 2.5545997540891e-05 2.47001126367658e-05 3.45372706594472e-05 6.82376548534835e-05 6.3931807865042e-05 5.93538135191818e-05 4.00647148423579e-05 2.36036777457235e-05 1.48365497564533e-05 2.08049006725654e-05 1.92979164389589e-05 2.05210372771599e-05
0 0 0 0 0 0 0 0 0 1.1423925750859e-07 2.20001931265803e-06 1.48047562664063e-05 2.21408735924043e-05 7.25153460978539e-06 4.1642710559622e-06 1.05432439577995e-05 2.09792107308919e-05 3.31334099118656e-05 4.39444072471775e-05 2.93818656306467e-05 2.58824005680122e-05 2.00373679366296e-05 6.19996525244522e-06 3.6330076394172e-06 1.64518021019861e-05 2.57185865150999e-05 2.28131301663276e-05 2.41254698445169e-05 2.79367007268878e-05 3.67186404703823e-05 5.86873851619295e-05 2.9098587105818e-05 2.28712782225866e-05 4.56353723927237e-05 4.24711629677985e-05 2.03205905821038e-05 1.49981901024767e-05 2.2079633545198e-05 1.92838776824714e-05 2.29797046593506e-05 3.47125753702832e-05 3.03822271475527e-05 4.29117195237119e-05 5.90015910468109e-05 6.64113089332233e-05 5.21394647571495e-05 3.34626324419376e-05 2.39017363598089e-05 9.59986354996671e-06 1.26311406472262e-05 1.87034402011642e-05 1.77060551912062e-05
0 0 0 0 0 0 0 0 8.99153201167992e-09 2.45114642853289e-07 3.39402607585887e-06 2.01966110583464e-05 2.6548221702946e-05 1.42021244368271e-05 1.22400373200166e-05 2.31959372720438e-05 4.10931371084324e-05 4.93823960341661e-05 4.33487854826163e-05 2.49565616208694e-05 2.22268421166076e-05 3.16294170863682e-05 1.55191859204689e-05 5.26273483323293e-06 1.14743309076493e-05 1.67894847663245e-05 1.77767891407366e-05 2.31164451650232e-05 3.74581217703754e-05 4.52948696836298e-05 5.90798109671947e-05 3.21525223499916e-05 1.58423446092587e-05 2.97741517375258e-05 2.88645513307914e-05 1.90344620464501e-05 7.00659211608923e-06 1.3513553885367e-05 1.83225516199514e-05 1.63272097679746e-05 1.87129881201976e-05 2.9504254455447e-05 6.19758814470616e-05 7.36664831516297e-05 5.96521422168138e-05 4.44699637518168e-05 2.61724460826669e-05 1.77016351342678e-05 4.80973953301501e-06 4.46317437962265e-06 1.50508712952237e-05 2.69030239388482e-05
0 0 0 0 0 1.20821541693651e-08 1.66037243588795e-08 8.333394360745e-09 6.12907169750869e-08 8.93201737051007e-07 5.73097448701092e-06 1.71027556033412e-05 1.94622091916744e-05 2.0428933199836e-05 1.93882156131335e-05 3.85202802653871e-05 5.5447027078026e-05 3.43722477498333e-05 1.2679843229935e-05 5.01899327999653e-06 9.01609659045582e-06 2.75907311542818e-05 2.21501234882138e-05 9.46180336020601e-06 9.94759984149646e-06 1.20022492463375e-05 1.3073403386096e-05 2.67683379307747e-05 4.61833774966978e-05 5.75404874885126e-05 5.22906966420808e-05 2.9560325662365e-05 1.40204932517428e-05 1.55874695603059e-05 2.76292208536391e-05 2.47859228361315e-05 7.83529784400598e-06 1.40437958738784e-05 1.33213978238687e-05 6.22854521394899e-06 5.44575555159832e-06 2.00269073214732e-05 4.91297766484886e-05 5.32324276776342e-05 6.00480586190881e-05 3.17835099942482e-05 1.10771469753511e-05 5.50506403578516e-06 1.27472227883828e-06 1.7573551737586e-06 1.09374299627305e-05 3.01026366601189e-05
0 0 0 0 8.50919386580249e-08 3.76336974960805e-07 5.51261124109795e-07 3.17283149290422e-07 2.99502047660504e-07 2.91777146000507e-06 1.55928861323989e-05 2.34159007629703e-05 1.87243428050255e-05 2.75861732616024e-05 4.32732701229886e-05 3.98523807459614e-05 4.30144518542556e-05 2.04638149555399e-05 5.28649939136546e-06 8.64712986951866e-07 2.22371937670227e-06 1.03541780246032e-05 2.58395019875873e-05 1.74590963841363e-05 1.75362154812372e-05 2.79597826255732e-05 2.4142757054144e-05 2.72433813616204e-05 3.80202718016104e-05 3.55077758372611e-05 3.64420488416382e-05 2.35275085976486e-05 1.46434558531225e-05 9.41445026390753e-06 9.29339695567907e-06 1.23285688439449e-05 8.51144827761313e-06 2.3632075633664e-05 2.13503781670725e-05 6.31644949212338e-06 4.55343490391041e-06 2.0332174372285e-05 3.31387668793139e-05 3.1438000494994e-05 3.72790582416288e-05 2.1870121356202e-05 4.20017866348184e-06 7.51255720263688e-07 2.383899408929e-07 1.52806402158755e-06 8.78052599582646e-06 2.29084473065334e-05
0 0 0 6.40686921436372e-08 8.31701734431141e-07 4.13240212878671e-06 6.75900746024931e-06 4.37230942698405e-06 1.89536740040672e-06 3.15206311590905e-06 1.52957867805652e-05 2.78818570031229e-05 2.54978034603078e-05 4.74477633755281e-05 7.20312595248102e-05 4.31390181112349e-05 3.42043153884967e-05 2.02668961103958e-05 5.06343739023368e-06 5.42086083352169e-07 1.56737642802409e-06 1.41893103695251e-05 3.42469178083429e-05 2.45664790232015e-05 1.74760706693785e-05 3.27859707122371e-05 2.27014906666818e-05 2.37850714435513e-05 4.07638512484253e-05 4.41211089418751e-05 4.25738356936974e-05 2.46999002952188e-05 1.6981530931759e-05 4.5724385410423e-06 1.61200878183661e-06 2.23372923173258e-06 5.32559351907361e-06 2.08112802322005e-05 1.74964386940819e-05 5.44778304084292e-06 1.00259687734922e-05 3.66218015490898e-05 4.29895743656466e-05 1.77901107788416e-05 1.28458682426391e-05 5.28538506390511e-06 1.3566227860364e-06 3.14614997426082e-07 5.01210335559067e-07 3.47940134758231e-06 1.25607158967906e-05 2.52402238505988e-05
0 0 0 2.17187480266547e-07 3.02066304670897e-06 1.45247718295235e-05 2.64242123768662e-05 2.27296091578499e-05 1.00669041259301e-05 1.91369047356731e-06 4.06705308638192e-06 9.17745288309409e-06 1.24123441034854e-05 2.80345175368834e-05 4.72818091433397e-05 3.85990329022836e-05 3.57178226054148e-05 1.52149777834244e-05 3.62742016963172e-06 4.67734498592838e-07 1.15409982371582e-06 1.03973541391553e-05 2.96355858396072e-05 2.4243129413284e-05 1.59903690192435e-05 2.24766284190136e-05 1.81772317707228e-05 2.48382389504293e-05 4.53404113575209e-05 4.85804453411684e-05 3.50764132978028e-05 2.79381051613301e-05 1.11116450261543e-05 1.57784728772876e-06 1.4759118491667e-07 2.20783447693779e-07 2.93403561178417e-06 1.39422658807784e-05 7.59761920072933e-06 2.68956273749618e-06 1.3084053059735e-05 4.70010861676554e-05 4.65324371976059e-05 2.52774171489325e-05 1.04186944646265e-05 3.84210469137557e-06 4.16587060248384e-06 2.38428544213612e-06 2.79430742329261e-06 8.27432423692957e-06 1.4316597951067e-05 2.211930788687e-05
0 0 7.04470994489094e-09 2.79679603362689e-07 3.76894231823234e-06 1.67710632058017e-05 2.73622665508956e-05 3.80098931428406e-05 1.66882239254485e-05 2.45516421232677e-06 4.94464416906279e-07 8.91430594345026e-07 2.34004692135728e-06 8.33329092573158e-06 1.11402412858031e-05 1.60500016036863e-05 2.33258828482132e-05 2.28259600661133e-05 8.27378034454608e-06 1.90715829344537e-06 1.36049743719212e-06 6.02651107956469e-06 1.47494310488704e-05 1.86998043178335e-05 1.17062292973676e-05 1.51583403323811e-05 1.81151907861025e-05 1.25854201594007e-05 2.23477799408368e-05 2.64447592155039e-05 1.85897164015968e-05 1.10136279818051e-05 3.9957826950487e-06 3.65266314414354e-07 2.31297817624972e-08 6.35138712718171e-08 7.8668631600222e-07 2.55946814971484e-06 1.79718947008282e-06 1.39032152924006e-06 8.5536269456879e-06 2.33125183692697e-05 2.58717928038891e-05 2.22495458983278e-05 2.09670290316179e-05 1.3734542762448e-05 1.39844026393373e-05 8.72338097398009e-06 8.60010739273411e-06 1.53647502858815e-05 2.16872468554808e-05 3.00408862481418e-05
0 0 0 1.67449528789347e-07 2.50868103425368e-06 1.37038081861682e-05 1.86309367387424e-05 2.87836324375867e-05 1.76877267629408e-05 3.60949849650072e-06 2.54673999692033e-07 4.25434336577843e-08 1.99788366411311e-07 7.47539510360944e-07 1.4914271884921e-06 4.66786278334416e-06 1.5324514356697e-05 3.35615053717327e-05 2.40423176397787e-05 8.55139549679949e-06 6.59279385472394e-06 2.15793419593586e-05 1.90595369754449e-05 1.9746311005659e-05 1.51699371610783e-05 1.22054312357948e-05 1.66015177937661e-05 7.1435044507769e-06 9.96256898923577e-06 1.73000935436437e-05 8.79157427552729e-06 2.43335915689092e-06 5.51022472700089e-07 3.87844484002339e-08 0 6.02097406854526e-09 6.75639166617596e-08 1.98679495919178e-07 2.81720946030586e-07 1.89458020000066e-06 8.57149995721439e-06 1.58335417482848e-05 1.82736832618243e-05 1.97909977254268e-05 3.250171243606e-05 3.27929332798037e-05 1.72294061602421e-05 7.2241364966286e-06 4.73875552337344e-06 1.15680368598013e-05 1.8263097849443e-05 1.4877971259275e-05
2.93578894294592e-07 5.97562829981284e-08 0 6.93278634456619e-08 1.17633445168916e-06 6.95321895066943e-06 1.28640038871316e-05 1.75401568383723e-05 1.41643201908846e-05 3.63083649366549e-06 2.79956904659235e-07 7.65621552873692e-09 0 7.59380636610949e-08 9.78083349602314e-07 6.60642888287534e-06 1.63063630434679e-05 3.3374696964457e-05 4.10249642959819e-05 1.74540467531376e-05 1.49214984824376e-05 3.1541824335595e-05 2.56811380343808e-05 1.41314892074897e-05 1.58504471156565e-05 1.35975312419061e-05 8.37338063727183e-06 3.13069694623641e-06 9.44188050769314e-06 1.97352934596031e-05 1.21125429848632e-05 1.76830741081895e-06 1.17089009998992e-07 0 0 0 0 0 2.62000510658506e-07 3.47002153227362e-06 1.64707489284409e-05 2.60066520379613e-05 2.605441398487e-05 1.9358441230428e-05 3.59115675032251e-05 4.88489232876438e-05 2.54477970259947e-05 7.62824714057435e-06 6.13324530321082e-06 1.05437077564415e-05 9.8923835887018e-06 6.13504787805369e-06
3.38679645154397e-06 7.41527008235545e-07 6.76954441475294e-08 4.54789187567403e-08 8.71420954209744e-07 7.13264150426839e-06 9.23038273896845e-06 1.89302880285612e-05 1.34469326563255e-05 2.31357896662174e-06 1.57489703243585e-07 0 0 5.50891781949445e-08 1.03128841129742e-06 7.29043781636578e-06 1.92597415266317e-05 3.25516685789541e-05 4.08889278701755e-05 2.21444182061226e-05 1.69446244807782e-05 2.56132706957347e-05 1.01135270653302e-05 7.61010125153355e-06 8.91026202441663e-06 5.95301343029465e-06 2.46091280091764e-06 2.82635958818462e-06 9.58540756096593e-06 2.11771484429324e-05 1.42703717550836e-05 2.75290757372073e-06 2.67258379564118e-07 2.18424247541601e-08 0 0 0 0 2.12992192210735e-07 3.18938051297578e-06 1.78079977602067e-05 2.76662427886191e-05 2.7622653166844e-05 1.671325787625e-05 2.52420846331026e-05 4.04786467485126e-05 2.26540602706096e-05 1.15739209558267e-05 1.92246176270585e-05 2.96957269261756e-05 2.30905711612596e-05 1.77519097894824e-05
