simulations/projFolders/pop1000/sim1/UDs_popWinter/averageUD_winter.asc
NCOLS 322
NROWS 330
XLLCORNER -967738.61525439
YLLCORNER 1740623.17832879
CELLSIZE 500
NODATA_VALUE -9999
[rows 253 to 275 of 330, columns 104 to 155 of 322]
2.34280489346316e-05 6.93440763164917e-06 2.02272273566592e-06 1.70806434442864e-06 8.1447958932735e-06 2.17310432308675e-05 3.50524783076391e-05 4.2634204022974e-05 4.82019148687141e-05 4.00777086549168e-05 4.83863316396186e-05 8.87088999005225e-05 8.86128768178052e-05 5.91268837353983e-05 5.54342530575947e-05 3.36455553714327e-05 1.76876373559737e-05 2.33632847628036e-05 3.80199067231612e-05 4.85209226527895e-05 3.34659218732706e-05 4.11527119508756e-05 4.82281297365401e-05 4.29913066256351e-05 4.78899739603338e-05 4.68739084821772e-05 2.49797087121351e-05 1.69930364908439e-05 1.81073434620901e-05 1.21770892272088e-05 1.04830544424572e-05 7.70618580154071e-06 7.36605748412174e-06 9.84434131369822e-06 1.44989555677594e-05 1.57175566975066e-05 2.50216014641795e-06 4.85121272423963e-06 2.60834507600966e-05 4.60427552385348e-05 2.88155507248587e-05 3.41146252992858e-05 2.9720721761429e-05 2.36490946223897e-05 3.33287864868263e-05 3.26143205111833e-05 3.12589146145057e-05 3.52963432611166e-05 2.8044030065659e-05 1.89282018659944e-05 2.55096089052617e-05 5.35838827402037e-05
3.73858958420807e-06 1.23165978564034e-06 1.18906248806835e-06 1.03591545467799e-06 1.69325002906733e-06 8.30283481490155e-06 2.66136601523179e-05 4.77201528768162e-05 3.9980590336852e-05 3.48831079842476e-05 3.92238683933605e-05 7.07974508287446e-05 7.93456286060493e-05 6.93399608020352e-05 6.09554573792566e-05 4.37388233768006e-05 2.05903015996678e-05 3.18096540815585e-05 3.40451784375534e-05 3.93657647008054e-05 2.87542138201047e-05 3.70455756722114e-05 5.7329416265527e-05 5.31804785044307e-05 5.97691498597788e-05 5.63201643433252e-05 4.73420768897783e-05 4.59791421814088e-05 2.76352502359862e-05 9.33868810379769e-06 8.72518028919395e-06 1.58206764582412e-05 2.29921918324289e-05 1.88514068691495e-05 1.34701570473648e-05 6.79974630362397e-06 1.82308140180605e-06 5.86736574671819e-06 3.18521782703084e-05 5.51459863690572e-05 4.24288101424023e-05 3.20877619034538e-05 2.84555163187332e-05 3.62498573898821e-05 3.63823287128734e-05 2.81297489954124e-05 2.75547467126498e-05 5.17774969253594e-05 4.50382120832695e-05 2.6892716060594e-05 2.76614371641349e-05 4.64396811944799e-05
6.8401807209321e-07 2.70321615926842e-06 8.96004866660217e-06 8.58273263878496e-06 3.49635910184874e-06 6.84524094572511e-06 2.93625183354849e-05 3.96645404332731e-05 2.80377119733138e-05 3.6601103836195e-05 2.15918701106303e-05 3.74247506198873e-05 4.54475656076481e-05 4.04559113018249e-05 4.51028160676147e-05 3.82425337966507e-05 2.87047699046265e-05 3.08425165661738e-05 2.00179442730166e-05 3.12038194336458e-05 3.35738807861021e-05 3.98302487963019e-05 3.64917591153726e-05 5.49628510980152e-05 7.55127519244028e-05 5.77309429549899e-05 7.33729377267402e-05 6.56173229108825e-05 3.87953594262703e-05 1.81238185584323e-05 2.09681019152237e-05 1.90743003008953e-05 2.00393851813258e-05 1.69773697824963e-05 1.00329183025428e-05 6.75532361380603e-06 4.45801624954399e-06 9.01071261465286e-06 2.89343949359405e-05 5.06981760179454e-05 5.35888299257193e-05 3.43698449375911e-05 3.30522879903397e-05 4.64776009244216e-05 3.35545688811981e-05 1.54034495328181e-05 2.48451586771575e-05 4.55759987159566e-05 5.05952164446936e-05 4.43746782765785e-05 3.23923118358832e-05 4.05001677505633e-05
1.28596567061846e-06 9.16961021569456e-06 2.33775619378701e-05 2.33987458011488e-05 1.74617897690217e-05 1.74986328900674e-05 4.29650843072285e-05 5.56189492252716e-05 3.4814696753218e-05 3.63118722974703e-05 2.19984967225109e-05 1.66628584238105e-05 2.60512232737299e-05 2.86094453138401e-05 2.65451017723215e-05 3.11074387230599e-05 2.48181074816597e-05 7.56965577476984e-06 5.3504207162636e-06 1.05963656661241e-05 2.28232443294862e-05 2.18967627697671e-05 2.04613953794914e-05 3.395858406458e-05 3.92295792633871e-05 3.61500158846095e-05 5.94531446596835e-05 6.56935572515376e-05 3.98285575145067e-05 2.61737611101421e-05 3.62399704694316e-05 2.28709783367177e-05 1.30064552628309e-05 8.14823526754099e-06 8.18975269658789e-06 6.3580283884602e-06 9.59912407984259e-06 2.236639335381e-05 3.31541933064372e-05 4.37182821260983e-05 5.3905766448389e-05 3.71944755254163e-05 3.6182478064265e-05 4.28049713302272e-05 2.20395233445611e-05 7.11498083428888e-06 1.82321164726809e-05 3.42122279050893e-05 3.51422727049784e-05 4.09938991001882e-05 4.90846373059496e-05 4.94792833842324e-05
4.26561525020863e-06 1.13950464855629e-05 2.45360154617909e-05 2.23303940110168e-05 2.08081249113182e-05 2.87654325318366e-05 5.32163828523214e-05 6.31886199012026e-05 5.03141730940436e-05 3.90799939567674e-05 2.36728936394575e-05 1.50183839698588e-05 1.43424803367339e-05 2.13326849008029e-05 1.77163761079764e-05 1.94979477641468e-05 1.2511535545601e-05 4.4133802868565e-06 8.31392302505776e-07 1.68135948451321e-06 5.86646189815968e-06 6.75432383902235e-06 9.76900197403718e-06 1.23017569983488e-05 8.79051908705043e-06 1.13000562395807e-05 3.45254875662351e-05 5.53800500837611e-05 3.84842045541428e-05 3.1664535398006e-05 4.55581918283329e-05 3.69049757657902e-05 1.92707460341715e-05 6.40624808041421e-06 1.51479733151435e-06 1.87558622534049e-06 9.72587149429131e-06 2.7672620485609e-05 3.08878738381953e-05 3.79809774395488e-05 6.2043763686869e-05 6.27122744813978e-05 5.5358361443647e-05 4.77506741802265e-05 2.03218162026118e-05 7.25848553581988e-06 2.02889479663139e-05 3.17692793853105e-05 3.69585864184664e-05 2.96028871040179e-05 4.67731803578138e-05 5.57077601459722e-05
1.70002952189892e-05 2.0362243052924e-05 2.85874567878571e-05 1.49773629357441e-05 1.22587950879889e-05 2.16749682986591e-05 5.28269633563264e-05 7.77272209396342e-05 5.49989938644848e-05 4.59579750819364e-05 4.03162427179781e-05 1.917910948078e-05 1.38741787500047e-05 1.30581194513265e-05 8.55781137801496e-06 3.86595656099945e-06 3.03668668443322e-06 1.31617556304287e-06 1.54207606075862e-07 1.55022033115313e-07 6.49463268820637e-07 1.47423101564661e-06 5.25805866258656e-06 8.24255496126955e-06 2.60876561471815e-06 5.03427628344344e-06 2.01732162352759e-05 2.9272003094473e-05 2.27964464537287e-05 1.95095557687149e-05 4.08150367371177e-05 5.66238462831152e-05 2.37926263322753e-05 5.07324561392662e-06 3.62955441172642e-07 7.2796695155139e-07 6.17915112422858e-06 2.1938737478198e-05 1.62185169729544e-05 2.70613208368293e-05 4.40305322335733e-05 4.7381360075969e-05 5.36291561931934e-05 6.30227997794649e-05 4.16634716024519e-05 1.65913868668012e-05 2.95701045493968e-05 3.54822054446567e-05 2.85389460575986e-05 2.89567429524373e-05 3.46248261573174e-05 3.85432317789122e-05
2.68675554499224e-05 2.74857114954952e-05 3.19433435744773e-05 2.32407133987787e-05 1.51876509164445e-05 1.44400801485697e-05 3.66864949404022e-05 5.40042370468319e-05 3.75713705954298e-05 4.53161969705849e-05 5.5388592174414e-05 2.74069756224051e-05 1.02624716220186e-05 8.36315192143653e-06 4.08550351790457e-06 1.06179295090132e-06 3.14745557209489e-07 1.13715468595989e-07 1.60612053123936e-08 0 1.41424941806908e-07 1.94294692450612e-06 9.36243776076902e-06 1.20254131014095e-05 3.920591435677e-06 3.0129782384858e-06 6.88893021901566e-06 1.28762098007925e-05 9.67257469732262e-06 6.98559498298671e-06 2.48425770509811e-05 3.41507717910458e-05 1.71606019110861e-05 2.91302613865755e-06 1.62805503323712e-07 1.48165214316588e-07 1.17882771863631e-06 3.11167654529819e-06 4.68324823227426e-06 1.75954997510371e-05 3.65731045543164e-05 3.15357521124095e-05 3.97824793988126e-05 3.38965840581529e-05 3.00461687097842e-05 3.09249851801424e-05 3.37809696737593e-05 3.62883880674327e-05 2.32960171958954e-05 1.83803662627288e-05 9.42885875545702e-06 9.2045292243014e-06
1.66691802414459e-05 2.46778298128492e-05 2.95221097718446e-05 4.82572577813789e-05 2.56547164129433e-05 1.15081388484248e-05 1.88657380609253e-05 3.34385186378397e-05 2.23382282965132e-05 2.02681049670975e-05 2.64031737999091e-05 2.08869837189881e-05 5.48039935438441e-06 3.54267889575085e-06 7.00915558147543e-06 2.35128216406494e-06 2.69843207161874e-07 0 0 0 1.28372790619885e-07 1.9689965989904e-06 1.04487771151041e-05 1.67837925227494e-05 1.20340408737393e-05 6.54329825084291e-06 2.54479795652193e-06 2.09289905580479e-06 2.31560948266471e-06 3.95672488892095e-06 1.15426518003892e-05 2.19422709160456e-05 1.68676190050315e-05 2.61875661046633e-06 1.45386162306311e-07 1.66103036435511e-08 8.57953855160053e-08 2.48759635682917e-07 1.61872501458233e-06 1.14042889307918e-05 2.00590435382276e-05 1.76338255376213e-05 3.52882854582024e-05 2.08235997672154e-05 3.047800063582e-05 4.89543750801049e-05 4.43884096966164e-05 3.91252748603377e-05 1.93381383983047e-05 1.21074644828647e-05 2.82364129042041e-06 5.04959653979333e-06
4.54218732117865e-06 1.27464476951702e-05 2.20017433130055e-05 3.64810191034439e-05 2.08152309025613e-05 1.11011052485791e-05 1.09248394128463e-05 1.95697229323154e-05 1.85575112669719e-05 1.44869554763875e-05 1.45969670241731e-05 1.5897544098247e-05 3.67768201916089e-06 2.09406414034544e-06 5.27342362242002e-06 3.459893632107e-06 4.42065036549573e-07 0 0 0 4.75330198163118e-08 6.26659253508346e-07 3.80135863025097e-06 1.33420424513768e-05 2.07140296663301e-05 2.39565800835738e-05 6.14066142487125e-06 2.87185190197933e-06 6.80544553211838e-06 1.51607431446232e-05 2.29952279440217e-05 2.0892685275789e-05 9.0454714357769e-06 1.58861232895164e-06 1.67855643639473e-07 3.72498587177824e-07 2.99774313994382e-07 1.95705011687417e-07 1.69274455374004e-06 8.04896186903887e-06 1.27759734147484e-05 7.37703032669404e-06 7.40585196640589e-06 1.74272526026704e-05 4.3909993015406e-05 7.86586999762879e-05 5.72225488627527e-05 3.68330404101388e-05 1.67796798022606e-05 9.94939822538774e-06 1.99782149833127e-06 5.40416268542288e-06
7.78773915824919e-07 4.3286713764351e-06 1.22787598500176e-05 2.02905219014648e-05 1.64278782876933e-05 1.04896873218325e-05 5.27741946192575e-06 1.02640390379114e-05 9.20777674611855e-06 1.20714958737164e-05 8.82864463928114e-06 8.72477888916436e-06 6.25847047091158e-06 4.08482504940907e-06 4.89244470291746e-06 2.70203477658272e-06 3.26294830247721e-07 0 0 1.06179086270149e-08 1.59363698886384e-07 7.4834813118622e-07 1.72942143370618e-06 8.01678188012351e-06 2.52777021336403e-05 2.26159822158302e-05 1.06747318041522e-05 6.22399710015661e-06 8.45764204719621e-06 1.9393375140196e-05 2.85097882104373e-05 2.95863356392245e-05 1.21430689448863e-05 1.99694931474028e-06 6.41875492768197e-07 3.07122897305869e-06 2.45615444105407e-06 7.40480085246529e-07 2.63034505726035e-06 7.40320794161699e-06 4.50211390778344e-06 1.50275160533627e-06 1.00383604860067e-06 6.42742309612845e-06 2.87210047197445e-05 6.68549463042131e-05 5.61114326026466e-05 2.45887227315699e-05 9.49271023116208e-06 7.476079742117e-06 1.61965878187855e-06 2.25213239863458e-06
1.08632724714164e-07 6.28883833892768e-07 3.16726649127584e-06 9.93027817293405e-06 1.35851828358913e-05 1.52814360310153e-05 3.5365817596865e-06 1.66395213427396e-06 5.84096927099024e-06 2.10554003680634e-05 2.01258473064937e-05 1.93334072796264e-05 1.25142205485832e-05 7.33908545104276e-06 4.73324069674876e-06 1.04479247221179e-06 1.13640184262568e-07 0 0 6.59003562650435e-08 8.5949286571435e-07 4.79184323842416e-06 4.14664857020824e-06 4.28842473704105e-06 1.31149385102718e-05 1.38967409706936e-05 5.7889870358354e-06 4.65530063879854e-06 2.96356365966875e-06 6.65098521748271e-06 1.54538881008057e-05 1.68410893501754e-05 6.20476575465528e-06 1.19438033996852e-06 8.11213452700247e-07 4.76197060118703e-06 6.81601185238693e-06 2.06602970103965e-06 3.55110410542072e-06 6.77219359091982e-06 2.59294919626672e-06 3.42445913645519e-07 6.02413529022916e-08 1.44412368512072e-06 8.17898660762712e-06 2.47737336862769e-05 2.86619327914916e-05 1.17154205198549e-05 2.89734569330199e-06 1.50481623106852e-06 4.35627211045949e-07 8.60259577023775e-07
2.25060630290505e-08 1.0779672446039e-07 1.37682410399904e-06 9.58888791342669e-06 1.56326275292963e-05 1.76599528611252e-05 3.97843308680906e-06 6.36288022982717e-07 3.54728964098637e-06 1.26302763798771e-05 1.67878866167867e-05 2.38842759241829e-05 1.21791781837433e-05 3.07528418437854e-06 7.67543853599084e-07 1.74108223262271e-07 1.67304515316142e-08 1.92829793345369e-08 1.57326387099004e-07 5.00211841343923e-07 2.0123578139041e-06 1.05920759943462e-05 1.01968413201963e-05 4.7575519412325e-06 4.7697974361028e-06 9.93393082007109e-06 6.74341898299798e-06 1.73332774982944e-06 1.65519886622724e-06 7.41300685208419e-06 1.2042080050202e-05 4.02275146849866e-06 9.95252164847184e-07 1.82459450995125e-07 4.20920288819006e-07 3.53874824882534e-06 1.09626641478855e-05 5.76089974397351e-06 7.42767890792225e-06 1.05065107328176e-05 4.07517328790865e-06 4.85991651577457e-07 2.00414506219654e-08 1.48368970233582e-07 1.20020506417985e-06 4.61126724181673e-06 5.550511180435e-06 2.0816433240005e-06 4.07494459000896e-07 1.31735185255824e-07 3.92887304704742e-08 6.40484795333883e-07
0 8.0029116348144e-08 1.46102649135526e-06 1.00156199170448e-05 1.7168292772906e-05 1.51224322592002e-05 3.11215850473047e-06 2.93783697949482e-07 7.78407032938243e-07 2.7906009922769e-06 4.05396614156559e-06 6.32223300531078e-06 3.72863467720966e-06 6.80749595518138e-07 7.70687183703212e-08 0 8.09413722756804e-09 2.02801995295031e-07 1.70205638250079e-06 4.40977048055789e-06 5.85304153986169e-06 1.10655687731054e-05 1.71571727813669e-05 1.18540171514185e-05 5.74444187709892e-06 1.42054166621278e-05 1.48348221530776e-05 2.34380597209845e-06 2.361435908433e-06 8.11683945223333e-06 5.02772070384181e-06 9.64804319505002e-07 1.00723067572884e-07 1.20790900817154e-08 4.0964578504407e-07 4.72418684434114e-06 2.29301471225183e-05 1.15960678066474e-05 1.43422111845098e-05 1.72172524006454e-05 7.08487024413398e-06 7.16688576967004e-07 2.76778555371115e-08 0 8.03642396798402e-08 2.9666037875901e-07 3.58368299143625e-07 1.48485662041779e-07 0 0 0 1.50688167170804e-07
0 5.85322813907063e-08 9.43624123308945e-07 5.50066167397568e-06 6.84274174159654e-06 3.38522856998987e-06 7.43411015596019e-07 5.63292887725217e-08 6.02220825285536e-08 1.86209450445023e-07 3.42695391680152e-07 5.90965850180833e-07 3.64886654946109e-07 6.46706757727045e-08 0 0 2.94590918152917e-08 7.32711981860609e-07 6.35365722595696e-06 1.52055267219387e-05 1.52823170621708e-05 1.12208463233002e-05 7.32926605147893e-06 7.50426621983306e-06 6.18066871436367e-06 5.56860444975035e-06 3.49825690442485e-06 8.73924058251591e-07 9.32397844581068e-07 2.16885120571982e-06 1.00555759837956e-06 1.55820496703761e-07 0 8.94573258699033e-09 3.15121374972114e-07 3.79018997710738e-06 1.32822571300318e-05 1.07699390482942e-05 1.37853892497233e-05 1.05343246815038e-05 3.29190259744826e-06 3.88083397346519e-07 1.56503047011477e-08 0 0 0 0 0 0 0 0 0
0 1.34951815175935e-08 1.86601100691415e-07 8.05933668610305e-07 9.38226468705673e-07 3.85282473807657e-07 7.04507474321576e-08 0 0 0 1.08400554363702e-08 2.06908734946693e-08 1.28868223306678e-08 0 0 0 3.18845850362707e-08 7.66227603763065e-07 6.55459426234855e-06 1.77452079922366e-05 1.80999617993649e-05 2.39280089696345e-05 7.89674837011408e-06 2.35805544031835e-06 1.27678469267942e-06 7.75671389291085e-07 3.42253479118571e-07 7.56502413298407e-08 7.59761605751564e-08 1.60429597572854e-07 8.03403017792935e-08 0 0 0 7.79996189392408e-08 8.12829006328633e-07 2.33236211313411e-06 2.29787430687924e-06 2.71609704896515e-06 1.86617288241912e-06 5.08489436385734e-07 6.10917268103296e-08 0 0 0 0 0 0 0 0 0 0
0 0 0 4.2450381435872e-08 4.83079238540092e-08 1.83369429547928e-08 0 0 0 0 0 0 0 0 0 0 9.65945218762548e-09 2.07739984000146e-07 1.48115120803614e-06 3.82756744448016e-06 5.62596367578884e-06 1.38181168563124e-05 1.5618058850264e-05 4.59506409166626e-06 6.0395093159058e-07 7.29967214162604e-08 1.43809666018392e-08 0 0 0 0 0 0 0 0 5.09165256432658e-08 1.42271019261976e-07 1.67531718006543e-07 1.93237152384247e-07 1.26611281281783e-07 3.04835684750719e-08 0 0 0 0 0 0 0 0 0 0 0
0 0 0 0 0 0 0 0 0 0 0 0 0 0 0 0 0 1.68471105980018e-08 1.1052907209875e-07 3.3199298190041e-07 1.64126139106979e-06 1.07555175182287e-05 2.88479924154175e-05 1.15292677636716e-05 2.19039386102033e-06 2.7203839267754e-07 2.00682625257692e-08 0 0 0 0 0 0 0 0 0 0 0 0 0 0 0 0 0 0 0 0 0 0 0 0 0
0 0 0 0 0 0 0 0 0 0 0 0 0 0 0 0 0 0 0 4.869607072681e-08 1.05797464476135e-06 9.53254569163951e-06 2.40480024327732e-05 2.23471540920668e-05 6.99549540761452e-06 1.56647223021961e-06 1.23216756017024e-07 0 0 0 0 0 0 0 0 0 0 0 0 0 0 0 0 0 0 0 0 0 0 0 0 0
0 0 0 0 0 0 0 0 0 0 0 0 0 0 0 0 0 0 0 4.51401756361317e-08 8.97227611709759e-07 7.03478138777302e-06 1.95776820150367e-05 1.79048199176929e-05 1.13373603653007e-05 2.49680527444544e-06 1.94178341157231e-07 0 0 0 0 0 0 0 0 0 0 0 0 0 0 0 0 0 0 0 0 0 0 0 0 0
0 0 0 0 0 0 0 0 0 0 0 0 0 0 0 0 0 0 0 1.34465415590518e-07 1.71774229937647e-06 7.40686617668948e-06 8.89211986066612e-06 4.36731055306563e-06 2.84897745539734e-06 7.95754953155714e-07 7.37313020968667e-08 0 0 0 0 0 0 0 0 0 0 0 0 0 0 0 0 0 0 0 0 0 0 0 0 0
0 0 0 0 0 0 0 0 0 0 0 0 0 0 0 0 0 0 7.28910026616385e-09 2.61159293543124e-07 3.29209957217276e-06 1.43769104009891e-05 1.69907901407943e-05 2.61590536640462e-06 8.32790857974312e-07 1.48846185741502e-07 1.07496216497038e-08 0 0 0 0 0 0 0 0 0 0 0 0 0 0 0 0 0 0 0 0 0 0 0 0 0
0 0 0 0 0 0 0 0 0 0 0 0 0 0 0 0 0 0 0 1.57727365123055e-07 1.95477693309289e-06 8.47070757159332e-06 1.00129675103527e-05 7.56595469885894e-06 3.56342573591148e-06 3.52381350181362e-07 1.40753318168537e-08 0 0 0 0 0 0 0 0 0 0 0 0 0 0 0 0 0 0 0 0 0 0 0 0 0
0 0 0 0 0 0 0 0 0 0 0 0 0 0 0 0 0 0 0 4.1065395628284e-08 6.68853230197936e-07 4.67309495356749e-06 1.21284741888219e-05 1.20794055963413e-05 3.71711351847164e-06 3.93731723241473e-07 1.55493671601723e-08 0 0 0 0 0 0 0 0 0 0 0 0 0 0 0 0 0 0 0 0 0 0 0 0 0
