simulations/projFolders/pop250/sim3/UDs_popWinter/averageUD_winter.asc
NCOLS 63
NROWS 53
XLLCORNER -956341.425805683
YLLCORNER 1765203.34381181
CELLSIZE 500
NODATA_VALUE -9999
[rows 26 to 51 of 53, columns 0 to 57 of 63]
0 0 0 0 0 0 0 1.4457704961699e-06 2.23153167702141e-05 0.000121510125668704 0.000154494296723823 0.00012169545886101 5.3365359856344e-05 2.70176968780703e-05 8.16658110373664e-05 0.000190762474896242 0.000279662539517864 0.000425407397790322 0.000693084243292723 0.0010599632469856 0.00160015118318118 0.00223060992864316 0.00308131889673364 0.00405681737703507 0.00507289330196069 0.00717923675989546 0.0099469007378028 0.0133677698103225 0.0136646683389548 0.0105214701789614 0.00701808319185213 0.00412784980067939 0.00313287017380163 0.00230985702752487 0.00179949893574922 0.00144254655693939 0.00112076827623286 0.000917247906672833 0.000734665605186965 0.000415379625787797 0.00025462923753329 0.000131845945192843 5.8244640528998e-05 6.35722501519184e-05 5.5892896347233e-05 2.61276050818113e-05 3.99381993246582e-06 2.36157831696129e-07 2.46662500956158e-07 3.9128283961056e-06 2.88709364765026e-05 7.38566145130948e-05 8.61138850252399e-05 3.69145497594783e-05 6.77586113878169e-06 5.68664283360842e-07 0 0
0 0 0 0 0 0 0 6.41143822429347e-07 9.96154208904058e-06 5.19637483911132e-05 0.000107278197833569 8.18934794326964e-05 4.08897739158934e-05 3.95657417156977e-05 0.000106818511329929 0.000235760217500103 0.000307143751675817 0.00041441728019633 0.000618509874955219 0.000934277065614576 0.00140465350660514 0.00217645331458466 0.00268086448284689 0.00342819910334475 0.00496675998841567 0.00662143308619584 0.00888800206221614 0.0112551792910389 0.0108634818110768 0.00876168187517002 0.00632640116514057 0.00396048253355745 0.00301973405903858 0.00224873879358999 0.00139902726813134 0.00106106650346155 0.000759112802175856 0.000652300665299659 0.000495648130987885 0.000363719998906157 0.000240395811469343 0.000139773160834596 8.20474163367594e-05 6.25321602712411e-05 1.75843356606055e-05 4.57871827424404e-06 7.06651204219494e-07 4.93587576670637e-07 1.44150992822266e-06 3.52035835304332e-06 1.54368048498283e-05 2.87218484961473e-05 4.47969809071476e-05 1.37399407072047e-05 1.72888336197745e-06 1.04168560914013e-07 0 0
0 0 0 0 0 0 0 9.50991743374688e-08 1.95489831776785e-06 1.60519668424418e-05 6.68527002991041e-05 7.57864783343659e-05 8.37882356525416e-05 9.73436721318432e-05 0.000151285944282546 0.000323793830966764 0.000352383043648717 0.000397922033185152 0.000582498975924547 0.000753852199429554 0.00110420527418017 0.00190857464193069 0.00266710969552999 0.00331412975513891 0.00442235466506584 0.00564173548197948 0.00731443309935617 0.00881956642580646 0.00851554380848568 0.00690415889198588 0.00509063746289237 0.00357974684947701 0.00271179939287142 0.00199396118604601 0.00148877354080596 0.00104406324838592 0.000672332355708866 0.000533013634930439 0.000423792340433282 0.000331215865593746 0.00027929431000789 0.000185822039850786 7.22149990012737e-05 2.06400490522164e-05 4.2009213638606e-06 5.44490401682439e-07 6.84324022428786e-07 4.3780603435994e-06 1.3825207945504e-05 1.59758217596016e-05 3.69708947752296e-05 3.50245274522788e-05 1.58104710244521e-05 3.17462813036123e-06 2.91459087681026e-07 0 0 0
0 0 0 0 0 0 0 1.00010955042946e-07 2.09836367091084e-06 1.84808199367809e-05 7.39390840583806e-05 0.000129929189351181 0.000182771320878388 0.000201033888403933 0.000234485522062355 0.000366132245189314 0.000397941861042761 0.000501115821641396 0.000571980106916556 0.000573714770350193 0.00090218580616764 0.00191164596465063 0.00260781329032064 0.00335624724115315 0.00396091023991726 0.00506828170228795 0.00609655163325063 0.00675287369811104 0.00653374374708732 0.00555309709988187 0.00429789198052532 0.00337794867173718 0.0025938210844323 0.00198125998121652 0.00167874079607222 0.00108996472095194 0.000599763061560484 0.000478628071671598 0.000393938300225591 0.000303963484201731 0.000260820495890606 0.000228870848646789 0.000112910168583256 3.0060080047766e-05 6.43095320117321e-06 1.51258634252133e-06 3.06330445821469e-06 1.65409482977482e-05 2.56814360559508e-05 4.03962805774258e-05 4.91586290186796e-05 2.36998386626555e-05 4.61874529613092e-06 5.42767462195755e-07 3.29037793487048e-08 0 0 0
0 0 0 0 0 0 0 3.94487607900565e-07 6.41476051385083e-06 4.25002868189487e-05 0.000144868399914553 0.000234943302585242 0.000292882239702442 0.000257844922997516 0.000261567342435077 0.000336647750543163 0.000396528913304514 0.00046790047495746 0.000481418686589878 0.000566414269070011 0.000932789766546233 0.0015920260223277 0.0022153541558324 0.00288941448362775 0.00330067921075448 0.00434121831087928 0.00488397918204333 0.00532877974271109 0.00481058625241633 0.0040560937728096 0.003470091579353 0.00309494468029253 0.00226766853145307 0.00176110096060303 0.00166222800955759 0.00109227880890439 0.00057954165039464 0.000453295338354415 0.00032837909301173 0.000292584553661062 0.000209242073552623 0.000124031071748164 8.15332930463915e-05 6.44827818138661e-05 3.12959905168859e-05 1.48117174360352e-05 1.03437037881881e-05 3.53785512916608e-05 2.79136616672431e-05 1.26555711001844e-05 1.55516797640904e-05 6.48515112548878e-06 9.02676372581173e-07 5.73331089849463e-08 0 0 0 0
0 0 0 0 0 0 3.17623853261152e-08 1.00611057109336e-06 1.19091299793467e-05 4.92857253298396e-05 0.000114863249614195 0.000218969882240899 0.000182768255572016 0.000231011242727221 0.000257752398660886 0.00027880644807144 0.000324160728290736 0.000347703093728383 0.000425324537489733 0.000699879540027687 0.00106022292624021 0.00147783127021664 0.0018464297821892 0.00227227081249404 0.00265996619403189 0.00330573316176905 0.00373654060538575 0.00437205771332633 0.00372729063832335 0.00315799872112726 0.00271159289411487 0.00254280125532821 0.00198513902180079 0.00164344317030216 0.0014198529854992 0.000986417414197129 0.000649147691747014 0.000512248711997402 0.00037749582477455 0.000269370390738787 0.000173980090552496 8.74576414042866e-05 5.04678834579261e-05 7.06238278054435e-05 9.04639444862518e-05 7.69805610002797e-05 3.51994112052999e-05 3.60980961621578e-05 2.03143550923972e-05 3.96132329387724e-06 1.36657140651943e-06 5.46751834792026e-07 7.67204692061504e-08 0 0 0 0 0
0 0 0 0 0 0 6.46599073512732e-08 1.75830838230033e-06 1.68877955436329e-05 5.80244386085926e-05 8.73375022873982e-05 0.000131579628023897 0.000171602968843755 0.000221641889576798 0.000255651813352716 0.00025933187991759 0.000316081391451048 0.000418001432581389 0.000472553363415922 0.000722861473085819 0.00109388894872545 0.00121980375907828 0.00133856864533427 0.0016924210381493 0.0021114702794929 0.0025528125854928 0.00308803862616956 0.00310600984215699 0.002579330089538 0.00227799359622055 0.00197937793145438 0.00174155109314548 0.00136966912299025 0.00126830227928728 0.00111054498846814 0.000939516498869436 0.000769752234436314 0.000521574498499889 0.000402256853473087 0.000199189914486499 0.000102151627643398 5.39432622484625e-05 4.02281877921486e-05 5.44244517607084e-05 7.91705795308855e-05 0.000101312104589281 6.71638008052563e-05 6.38201120162705e-05 2.02574835810771e-05 4.00023814198731e-06 3.24817869039029e-07 2.22157814226924e-08 0 0 0 0 0 0
0 0 0 0 0 0 4.34640460198402e-08 1.13953207593272e-06 1.1054443192919e-05 3.20645948594474e-05 9.78717201862697e-05 0.000114421307839672 0.000159781218793416 0.000137948320215496 0.000207327391853646 0.000258224886047792 0.000326741386599086 0.000447933512207502 0.000473235072095387 0.000640608436833602 0.000933576958955968 0.00108281819479643 0.00112364332300037 0.00126701597288729 0.0015529700746221 0.0018491071603969 0.00209342609675009 0.00213104383331387 0.00201076130909802 0.00163132768302179 0.00146181455910684 0.00131584533772106 0.000933979475797735 0.000808123353071622 0.000778682968581985 0.000683199788257461 0.000600271773524725 0.00047924003123878 0.000304759847574049 0.000150536049268267 5.09159739987084e-05 2.3401169697609e-05 1.75962179742318e-05 3.5527765626296e-05 6.06034425879169e-05 7.3920745385568e-05 6.12208228417455e-05 2.98033696530738e-05 2.62125561652004e-05 7.27629381995885e-06 6.24220119645632e-07 0 0 0 0 0 0 0
0 0 0 0 0 0 0 2.38093052703127e-07 2.82768249533975e-06 1.90250598781744e-05 7.62898628424426e-05 9.26836973163108e-05 0.000137859352410603 9.09836803993903e-05 0.000118077303517686 0.000194643637091543 0.000232077404504975 0.000348028860385933 0.00045626846495414 0.000542644151361614 0.000805209476017186 0.000842329092588376 0.000900920944750492 0.000991202983886312 0.0012209744063613 0.00125826110571662 0.00135863414583975 0.00118344868452972 0.00110510564655529 0.00115659702287615 0.00112406276387597 0.00103981417825796 0.000658153466541548 0.000527804469197224 0.000472277322140629 0.000420677308414803 0.000358810802919139 0.00034084933199645 0.00026981527598741 0.000153657478605174 5.7934248752049e-05 2.79077300010072e-05 9.36600592252107e-06 8.0533022828266e-06 1.82103990658957e-05 2.14195861431851e-05 2.84119276264509e-05 3.40767519004476e-05 2.83659332424801e-05 7.50752072608603e-06 6.33817922643785e-07 0 0 0 0 0 0 0
0 0 0 0 0 0 0 7.86722812154942e-08 2.0951291439542e-06 2.18405506989031e-05 7.69832908231605e-05 6.92432670971215e-05 2.67714758894981e-05 2.46793417698038e-05 4.03332040021245e-05 6.78597029899123e-05 0.000151678682357334 0.000282704007426662 0.000303755629723275 0.000374963362236622 0.000418039750051551 0.000538096185809886 0.000682102729591367 0.000769487902017638 0.000813432175478952 0.000680310615813059 0.000798002837249568 0.000650331213451403 0.000622604053178754 0.000820184050637661 0.000932722234625599 0.000866321741098415 0.000579742533265152 0.000368972761864521 0.000309760728619625 0.000238345641296936 0.000157369828433904 0.000153442317104405 0.000104812734678023 7.707752349643e-05 7.697329794294e-05 5.72478658882744e-05 2.55291133594639e-05 4.91498160295734e-06 1.92662444852671e-06 2.36876716317129e-06 4.70104510787754e-06 9.20668185942404e-06 1.05108031978864e-05 2.80680484073855e-06 2.41538466015209e-07 0 0 0 0 0 0 0
0 0 0 0 0 0 0 1.39158073547877e-07 1.90272915598934e-06 1.11705884311726e-05 2.77608185942678e-05 3.8597360273558e-05 8.85941881802768e-06 3.53582312446232e-06 1.2509668337621e-05 5.92043603401396e-05 0.000138586963407709 0.000218823665695388 0.000260059389793438 0.000255271678615306 0.000230451973149416 0.000272117188392409 0.000395344543554524 0.00048180202031483 0.000480042455589291 0.000433949234366291 0.000501907239483479 0.000495195951944639 0.000571485123290984 0.000637059414747319 0.000624528547245082 0.000618791403754105 0.000498766501657731 0.000284240897333892 0.000183263707434564 7.93596911352555e-05 4.01606460999038e-05 4.48761995181923e-05 3.67689906622208e-05 5.76415418339994e-05 7.14234858586977e-05 6.62090955149796e-05 4.80370813055275e-05 7.97608494575105e-06 5.08504170167152e-07 1.01868365140246e-07 3.52132825274498e-07 8.92298994380586e-07 9.44834260518288e-07 3.01766151027246e-07 2.8605756590663e-08 0 0 0 0 0 0 0
0 0 0 0 0 0 0 7.11239466745689e-07 7.95163962719796e-06 3.01172995754146e-05 4.44815084817929e-05 3.03745936183227e-05 5.02541808848835e-06 9.03034124141023e-07 9.37120113815534e-06 5.63577100126566e-05 9.14900675933103e-05 0.000110042599237353 0.000135816643154289 0.000174035330246603 0.00018101753838183 0.000208245569075482 0.000262788717763693 0.000297630097808644 0.000258438820702055 0.000274496965032598 0.00032631830994565 0.000383371616392672 0.000419599460559638 0.000368276734049542 0.000318645333725177 0.000282413802939628 0.000318793841611622 0.000216797120513692 9.43264241578976e-05 2.33379847360052e-05 1.13428266678336e-05 2.79437656035328e-05 2.91113890786037e-05 5.23148016680048e-05 5.75789948792907e-05 6.29231685162113e-05 3.26496259729002e-05 5.38970436776856e-06 2.97230377259269e-07 0 0 0 0 0 0 0 0 0 0 0 0 0
0 0 0 0 0 0 3.63709259461754e-08 1.34265550847009e-06 1.81900765704983e-05 6.17840997732594e-05 9.61450189130841e-05 3.65547761236968e-05 4.68293530758766e-06 5.13366292461924e-07 4.95168090742248e-06 2.95369423334054e-05 2.59028956510953e-05 2.3592907085942e-05 2.99549666237205e-05 5.15354183071065e-05 7.51211965443849e-05 0.000114916968398512 0.000192035701376356 0.000198555719538284 0.000186070249009328 0.000241149950084036 0.000220476500879366 0.000233857174131885 0.000274593634365864 0.000154378288331781 0.000144513342539944 0.000132723111657857 0.000143935407034942 0.000118873133238531 4.08794935844155e-05 6.43339537998383e-06 2.22149279528645e-06 8.46297200574484e-06 2.30493835498869e-05 3.38456700478113e-05 3.84044711156869e-05 5.49329911756142e-05 2.86498870634685e-05 3.2110977910522e-06 1.33566834816714e-07 0 0 0 0 0 0 0 0 0 0 0 0 0
0 0 0 0 0 0 0 6.19399652208192e-07 6.57048076240057e-06 2.2014541546406e-05 2.95859519324185e-05 2.12345048736357e-05 3.43283894392847e-06 2.95927384218105e-07 1.6123030796663e-06 7.94211922947486e-06 1.00810127091335e-05 2.71945224022792e-06 3.07463648934776e-06 6.50801337392636e-06 1.32733354445394e-05 3.29263955569977e-05 6.44599391595824e-05 0.000111775925444568 0.000163796877672727 0.000213385005679832 0.000232662106868835 0.000185567652814879 0.0001070006344716 6.22504633431647e-05 9.45581909982873e-05 0.000142058236404469 0.00010548500099441 3.52400165494016e-05 8.06288118288688e-06 1.38519287033851e-06 1.61973619796324e-06 1.03599149709947e-05 9.25935655619266e-05 0.00012494426962839 2.92564928464338e-05 1.81753002065329e-05 7.08182109356912e-06 8.54981248070295e-07 3.33533644075605e-08 0 0 0 0 0 0 0 0 0 0 0 0 0
0 0 0 0 0 0 0 7.89900295603901e-08 7.29044724553735e-07 2.31132330319754e-06 4.41378168660185e-06 4.94587793832479e-06 1.06867903353274e-06 7.0041511191705e-08 2.4574820412257e-07 1.12329528175528e-06 1.18211389026417e-06 2.61708159026783e-07 1.19494405198359e-07 5.3497901523285e-07 2.63697199928443e-06 1.05462800323332e-05 4.20371281264728e-05 0.000112041912117691 0.000154371102305004 0.000172667036724599 0.000273766806002412 0.00021741617620228 4.74734485396686e-05 5.74489465447803e-05 0.000114728042778532 0.000164333602244761 0.000119841264489592 1.69679325005817e-05 1.10553600799935e-06 2.09861691061555e-06 8.97981133105394e-06 1.56884975695279e-05 3.75240184280374e-05 4.94673848038354e-05 1.28861218661226e-05 2.56273220234265e-06 6.82477373472795e-07 8.05358140311253e-08 0 0 0 0 0 0 0 0 0 0 0 0 0 0
0 0 0 0 0 0 0 0 2.64324789835097e-08 9.72639609020883e-08 2.68615462056961e-07 3.2687635386293e-07 9.76824303282141e-08 0 0 5.13391605518458e-08 5.17892149099675e-08 0 4.48625141767949e-08 1.2462242736408e-06 1.18629562393827e-05 4.19003891887778e-05 9.97605053478444e-05 0.000217059426003373 0.000216014079976374 0.000221918932896973 0.000199041548473952 0.000122606629979587 4.54536965012286e-05 4.09294586912861e-05 7.17175975276936e-05 9.76217072232483e-05 4.57522440596464e-05 6.80088857032357e-06 2.98053440860353e-07 2.98501504516472e-06 1.52577646041577e-05 2.87694651567313e-05 2.91865914992896e-05 3.10657117444331e-05 7.17906933112681e-06 5.89333940161781e-07 3.52084134566155e-08 0 0 0 0 0 0 0 0 0 0 0 0 0 0 0
0 0 0 0 0 0 0 0 0 0 0 0 0 0 0 0 0 0 9.57405063452658e-08 2.60572624332859e-06 2.68305968431496e-05 9.15773181703433e-05 0.000146464308137138 0.00017945049093633 0.000307253027235018 0.000224269111938401 0.000125768499951106 5.2437078428498e-05 1.61218917746026e-05 1.05280574619763e-05 1.69122302865816e-05 1.63239100910421e-05 7.31111399195524e-06 1.11323411667254e-06 5.4378120681799e-08 7.76233791660748e-07 4.447396377941e-06 1.80639624554083e-05 3.09430565613845e-05 1.91221516535396e-05 3.59503738499425e-06 2.48639029393512e-07 0 0 0 0 0 0 0 0 0 0 0 0 0 0 0 0
0 0 0 0 0 0 0 0 0 0 0 0 0 0 0 0 0 0 6.23594532810109e-08 1.59151968509597e-06 1.5051797960216e-05 5.61070795973203e-05 0.000110063139411212 0.000184132725656511 0.000178115519246552 0.000114058598726067 5.58660765981297e-05 2.9409815710606e-05 4.36394114048754e-06 1.15457956390668e-06 1.25045477733119e-06 1.05560253699239e-06 4.36270769468721e-07 0 0 7.16274880522917e-08 6.90880638853956e-07 3.84251959533504e-06 8.41952208235872e-06 5.07608195650024e-06 8.80725157710198e-07 5.54032740055712e-08 0 0 0 0 0 0 0 0 0 0 0 0 0 0 0 0
0 0 0 0 0 0 0 0 0 0 0 0 0 0 0 0 0 0 0 2.7074303937435e-07 2.12245201643155e-06 2.06622746725528e-05 6.80815279327164e-05 9.39696617208298e-05 8.87535597481011e-05 3.44731807520291e-05 1.20845142127502e-05 4.99098835892936e-06 7.9906493174155e-07 7.18653027268566e-08 2.77249364380502e-08 0 0 0 0 0 4.85152486250878e-08 3.11732699557201e-07 6.57836091553322e-07 4.12966211929904e-07 7.72400162354293e-08 0 0 0 0 0 0 0 0 0 0 0 0 0 0 0 0 0
0 0 0 0 0 0 0 0 0 0 0 0 0 0 0 0 0 0 0 0 1.05927450907261e-07 5.57705439731693e-06 1.96385607078194e-05 3.85445868507757e-05 2.65618450878546e-05 7.42222857490787e-06 1.32926303164254e-06 3.39162594095074e-07 5.54649450222948e-08 0 0 0 0 0 0 0 0 0 0 0 0 0 0 0 0 0 0 0 0 0 0 0 0 0 0 0 0 0
0 0 0 0 0 0 0 0 0 0 0 0 0 0 0 0 0 0 0 0 0 5.75622776390802e-07 2.1431204363197e-06 3.94195053286499e-06 3.05034249252312e-06 8.33183366730045e-07 7.40117174985045e-08 0 0 0 0 0 0 0 0 0 0 0 0 0 0 0 0 0 0 0 0 0 0 0 0 0 0 0 0 0 0 0
0 0 0 0 0 0 0 0 0 0 0 0 0 0 0 0 0 0 0 0 0 0 8.50001451713056e-08 1.69812803466852e-07 1.37793540457227e-07 0 0 0 0 0 0 0 0 0 0 0 0 0 0 0 0 0 0 0 0 0 0 0 0 0 0 0 0 0 0 0 0 0
0 0 0 0 0 0 0 0 0 0 0 0 0 0 0 0 0 0 0 0 0 0 0 0 0 0 0 0 0 0 0 0 0 0 0 0 0 0 0 0 0 0 0 0 0 0 0 0 0 0 0 0 0 0 0 0 0 0
0 0 0 0 0 0 0 0 0 0 0 0 0 0 0 0 0 0 0 0 0 0 0 0 0 0 0 0 0 0 0 0 0 0 0 0 0 0 0 0 0 0 0 0 0 0 0 0 0 0 0 0 0 0 0 0 0 0
0 0 0 0 0 0 0 0 0 0 0 0 0 0 0 0 0 0 0 0 0 0 0 0 0 0 0 0 0 0 0 0 0 0 0 0 0 0 0 0 0 0 0 0 0 0 0 0 0 0 0 0 0 0 0 0 0 0
0 0 0 0 0 0 0 0 0 0 0 0 0 0 0 0 0 0 0 0 0 0 0 0 0 0 0 0 0 0 0 0 0 0 0 0 0 0 0 0 0 0 0 0 0 0 0 0 0 0 0 0 0 0 0 0 0 0
